Problem ATSP/br17.atsp:
R runs for 1 seconds:
avg_evals: 127252 sd: 3551
47 247 58 445 7mics 10mics 15 7 16 8 9 10 12 11 1 2 13 0 6 5 3 4 14 

RW runs for 1 seconds:
avg_evals: 358899 sd: 3947
43 247 58 445 2mics 7mics 4 6 5 15 14 1 12 11 0 9 13 2 10 8 7 16 3 

H runs for 1 seconds:
avg_evals: 0 sd: 0
39 125 50 348 952mics 398mics 15 14 6 5 4 3 7 8 16 1 10 9 12 2 13 11 0 

G runs for 1 seconds:
avg_steps: 16 sd: 3
avg_evals: 961088 sd: 439077
39 39 0 39 511mics 990mics 14 0 11 2 13 10 1 12 9 16 7 8 4 3 5 15 6 

S runs for 1 seconds:
avg_steps: 8 sd: 1
avg_evals: 418808 sd: 66769
39 39 0 39 4839mics 5114mics 5 15 12 1 10 9 2 13 11 0 8 7 16 4 3 6 14 

Problem ATSP/ftv33.atsp:
R runs for 1 seconds:
avg_evals: 19820 sd: 1383
3127 4367 266 5385 48mics 193mics 31 9 14 27 26 23 29 1 5 6 4 15 10 21 33 28 32 12 13 2 30 22 18 17 11 8 7 16 3 20 25 0 24 19 

RW runs for 1 seconds:
avg_evals: 181014 sd: 36815
3056 4367 265 5509 4mics 15mics 24 29 22 21 26 30 32 11 31 19 18 0 14 33 5 6 2 16 3 9 7 8 10 12 20 27 1 17 4 25 15 13 23 28 

H runs for 1 seconds:
avg_evals: 0 sd: 0
1867 2452 190 3239 3844mics 1510mics 25 1 33 30 2 0 13 12 9 10 32 8 4 5 6 7 14 24 23 19 17 11 18 31 21 20 22 27 28 29 26 16 3 15 

G runs for 1 seconds:
avg_steps: 57 sd: 9
avg_evals: 777190 sd: 143471
1332 1787 170 2480 7818mics 3074mics 22 20 21 19 31 18 17 11 8 10 32 7 4 6 5 30 33 2 3 0 13 9 12 14 15 16 1 25 24 23 27 28 29 26 

S runs for 1 seconds:
avg_steps: 20 sd: 3
avg_evals: 746337 sd: 119757
1403 1961 213 2615 29884mics 8028mics 33 30 2 5 6 4 32 7 8 10 11 31 17 18 19 21 20 22 24 23 26 27 28 29 25 16 15 14 12 9 13 0 1 3 

Problem ATSP/ftv38.atsp:
R runs for 1 seconds:
avg_evals: 80608 sd: 4219
3650 5177 296 6323 11mics 6mics 33 35 7 2 16 28 22 21 24 30 25 32 3 1 6 9 37 27 31 34 5 10 15 11 12 19 20 18 14 17 29 0 8 13 36 4 38 23 26 

RW runs for 1 seconds:
avg_evals: 249187 sd: 31259
3666 5177 296 6437 3mics 8mics 31 32 2 7 0 35 38 4 24 28 25 26 27 36 14 3 1 8 11 5 34 23 21 37 9 18 17 13 12 15 6 29 22 20 19 16 10 33 30 

H runs for 1 seconds:
avg_evals: 0 sd: 0
2172 2742 187 3470 4719mics 804mics 24 23 25 31 33 29 1 3 0 16 15 5 7 6 4 35 30 26 27 22 36 21 20 13 12 37 9 10 14 18 17 11 8 28 38 32 34 2 19 

G runs for 1 seconds:
avg_steps: 64 sd: 10
avg_evals: 892434 sd: 97652
1666 2191 203 2880 9517mics 2965mics 10 12 13 36 20 21 22 23 24 25 26 28 27 30 31 32 33 34 38 35 4 5 6 7 8 9 11 16 0 29 1 2 3 19 18 17 14 15 37 

S runs for 1 seconds:
avg_steps: 23 sd: 3
avg_evals: 978728 sd: 60815
1781 2410 226 3104 34160mics 6417mics 31 32 34 33 26 23 24 36 21 20 13 12 15 5 7 6 4 35 38 2 3 1 18 17 16 8 37 9 10 11 14 0 19 29 28 27 22 25 30 

Problem ATSP/ft53.atsp:
R runs for 1 seconds:
avg_evals: 64560 sd: 8495
19563 26125 1164 30375 14mics 7mics 39 45 9 28 2 32 11 34 20 40 36 50 48 29 14 23 8 15 4 1 37 3 12 10 18 38 6 27 7 5 49 51 22 44 41 43 47 25 52 30 35 21 24 19 46 17 33 31 26 16 0 13 42 

RW runs for 1 seconds:
avg_evals: 274101 sd: 2897
19840 26122 1164 30436 3mics 6mics 20 22 10 36 4 5 51 48 50 29 42 16 23 32 41 44 8 6 11 37 25 45 30 24 38 18 7 13 39 40 14 21 12 17 15 0 3 26 28 49 52 19 27 47 33 1 9 2 35 43 34 31 46 

H runs for 1 seconds:
avg_evals: 0 sd: 0
10159 13126 824 15686 7495mics 911mics 31 33 30 3 49 50 52 48 51 28 26 29 27 25 7 6 5 9 8 2 1 41 42 46 45 43 34 10 14 12 38 35 40 36 37 39 18 17 16 15 19 23 21 20 24 22 47 44 11 13 4 0 32 

G runs for 1 seconds:
avg_steps: 89 sd: 14
avg_evals: 715313 sd: 18381
9590 12053 1020 15328 29594mics 9099mics 52 50 48 29 28 25 7 9 8 36 35 40 21 23 20 24 22 19 15 37 18 1 42 46 41 27 26 2 0 3 12 14 13 17 16 11 10 38 44 43 45 47 39 4 34 32 33 31 30 6 5 51 49 

S runs for 1 seconds:
avg_steps: 28 sd: 4
avg_evals: 736435 sd: 59154
11105 13639 1067 17143 106695mics 17917mics 39 4 18 1 41 44 34 30 33 20 29 28 52 50 48 49 51 43 19 16 37 38 36 12 14 24 22 0 35 45 42 47 46 7 6 5 9 8 13 15 40 21 32 31 26 25 27 10 11 3 2 17 23 

Problem ATSP/ftv55.atsp:
R runs for 1 seconds:
avg_evals: 66486 sd: 6018
5596 7382 366 8947 14mics 6mics 18 40 19 41 20 45 22 34 12 10 17 49 55 13 7 4 5 36 32 9 35 0 1 30 25 54 21 24 15 37 11 33 16 6 51 39 50 29 43 52 44 42 48 2 38 47 3 31 14 8 46 53 28 27 23 26 

RW runs for 1 seconds:
avg_evals: 264029 sd: 6686
5503 7380 365 9086 3mics 7mics 17 16 25 14 29 42 46 28 43 27 6 12 15 53 0 54 30 34 11 38 32 22 41 19 10 51 7 36 3 13 5 48 2 24 40 37 35 45 44 26 52 50 49 33 8 9 4 55 47 31 23 1 39 18 20 21 

H runs for 1 seconds:
avg_evals: 0 sd: 0
2462 3224 205 3921 7905mics 416mics 1 2 13 4 7 8 36 9 37 11 10 51 12 39 38 32 35 5 47 48 3 6 31 46 55 34 0 25 42 21 50 22 41 54 27 49 29 23 24 18 19 40 20 45 44 30 43 28 53 17 16 15 26 14 52 33 

G runs for 1 seconds:
avg_steps: 93 sd: 12
avg_evals: 648355 sd: 53139
2351 2953 283 3830 34985mics 10700mics 8 7 35 4 6 5 48 3 1 0 33 2 17 15 52 26 25 24 54 27 23 42 50 22 41 21 40 20 19 18 39 32 36 9 51 13 16 34 31 47 28 53 43 44 55 46 29 49 45 30 14 12 38 37 11 10 

S runs for 1 seconds:
avg_steps: 31 sd: 4
avg_evals: 737251 sd: 30735
2635 3376 272 4179 135630mics 17733mics 33 55 1 29 45 28 53 43 23 21 25 24 39 42 41 30 13 35 4 7 32 9 11 38 18 19 20 40 22 50 54 27 49 44 46 34 31 47 48 2 3 5 6 8 36 37 10 51 14 12 15 16 17 26 52 0 

Problem ATSP/ft70.atsp:
R runs for 1 seconds:
avg_evals: 60728 sd: 1390
63644 72122 1681 78613 15mics 4mics 26 33 25 42 69 65 66 10 14 67 50 46 43 19 8 11 21 62 28 45 37 41 7 34 15 9 61 52 47 57 1 3 32 38 68 63 64 17 0 55 29 13 22 20 60 40 59 58 2 36 44 49 31 23 30 56 54 35 27 53 18 24 6 16 12 5 4 48 39 51 

RW runs for 1 seconds:
avg_evals: 236111 sd: 22035
62954 72119 1684 78928 3mics 4mics 2 19 69 36 40 25 21 11 5 4 26 29 9 33 67 64 38 41 63 45 43 0 46 52 24 66 7 3 10 8 56 12 1 30 47 28 23 15 44 48 20 32 34 60 37 57 49 53 54 59 16 13 62 27 61 51 18 6 22 39 42 35 14 55 50 17 58 65 68 31 

H runs for 1 seconds:
avg_evals: 0 sd: 0
46677 49188 1013 51907 12158mics 589mics 32 69 64 66 68 67 63 65 39 37 35 42 36 40 45 49 48 46 43 6 38 13 12 9 11 8 20 18 31 62 57 44 23 55 51 50 52 25 3 60 59 58 28 54 53 27 22 24 30 15 7 4 2 1 5 26 56 10 29 21 14 0 17 16 19 41 34 61 47 33 

G runs for 1 seconds:
avg_steps: 96 sd: 15
avg_evals: 565440 sd: 11444
48375 51748 1617 56384 72928mics 21434mics 59 10 12 47 5 54 52 23 30 50 18 16 15 28 9 0 61 44 49 43 29 24 57 2 4 35 38 39 42 41 40 36 37 60 11 19 51 56 69 66 65 68 67 63 64 48 34 32 8 14 1 6 20 33 31 58 25 3 7 17 53 21 27 22 55 46 45 62 26 13 

S runs for 1 seconds:
avg_steps: 31 sd: 5
avg_evals: 614390 sd: 77831
50121 54013 1749 57170 275701mics 56124mics 65 68 67 43 62 9 18 19 47 53 25 0 28 27 13 8 12 14 49 34 60 59 57 48 31 29 55 50 4 45 35 38 11 54 24 2 1 3 20 17 16 15 7 6 30 40 10 21 26 5 46 44 23 52 56 51 61 58 22 33 32 42 41 36 39 37 69 64 63 66 

Problem ATSP/kro124p.atsp:
R runs for 1 seconds:
avg_evals: 48471 sd: 401
144922 191017 8309 226777 19mics 4mics 38 1 28 21 17 87 4 32 48 57 5 69 3 12 77 29 35 79 25 72 99 82 61 9 64 98 93 52 20 86 94 40 2 45 33 55 49 70 6 41 0 66 92 16 88 89 43 56 60 42 13 67 63 14 22 95 91 30 10 97 23 15 37 65 50 76 90 18 75 51 81 53 31 96 7 84 85 34 11 74 62 59 44 58 27 54 39 68 36 24 47 26 8 83 78 73 71 19 46 80 

RW runs for 1 seconds:
avg_evals: 213752 sd: 1475
149778 191073 8322 230983 4mics 4mics 5 89 65 72 70 40 75 39 8 10 87 71 97 49 67 57 7 79 12 77 33 19 59 94 82 51 4 28 56 63 32 81 88 20 42 84 18 31 44 86 34 27 98 90 36 58 55 73 96 69 16 92 1 47 80 29 48 76 95 38 99 14 6 74 30 15 78 54 85 25 68 35 93 43 11 2 24 91 41 50 60 0 66 21 23 83 22 62 26 13 45 9 37 46 3 17 64 52 61 53 

H runs for 1 seconds:
avg_evals: 0 sd: 0
55704 63409 3300 76523 25039mics 2423mics 2 28 13 42 45 33 82 54 6 56 85 11 19 61 59 76 22 44 31 14 16 10 71 73 20 58 37 83 35 98 78 17 15 21 87 69 93 23 52 64 3 96 55 7 91 89 9 48 62 46 0 5 18 25 65 41 30 74 92 27 60 50 24 72 68 63 53 39 43 49 67 38 95 4 51 36 32 12 94 75 77 99 40 47 70 26 34 97 90 8 86 80 57 66 84 81 1 88 79 29 

G runs for 1 seconds:
avg_steps: 290 sd: 25
avg_evals: 447161 sd: 35306
45747 49333 2538 55084 292259mics 68913mics 67 84 28 45 13 40 47 77 95 29 51 99 70 2 42 33 82 54 11 6 8 56 85 26 19 34 76 59 14 16 20 73 58 10 90 31 46 62 35 37 96 65 3 25 64 79 57 66 27 92 0 5 74 18 52 15 21 93 69 87 78 17 23 98 83 9 71 89 48 91 7 30 88 41 55 97 22 44 61 86 50 24 60 80 68 72 39 63 53 1 43 49 81 94 12 75 32 36 4 38 

S runs for 1 seconds:
avg_steps: 75 sd: 6
avg_evals: 735260 sd: 64020
51228 55163 2771 61016 1854382mics 158577mics 66 27 76 50 60 8 19 85 26 54 42 45 47 77 95 29 84 82 86 38 12 75 53 57 92 0 41 7 30 55 5 89 18 52 25 15 21 93 69 64 65 3 96 79 88 74 48 91 62 46 97 90 22 44 73 9 83 87 78 17 37 23 98 35 14 10 71 20 58 16 31 59 61 34 11 6 56 33 2 28 13 70 40 99 51 4 36 32 81 94 49 39 68 67 80 24 72 43 1 63 

Problem ATSP/ry48p.atsp:
R runs for 1 seconds:
avg_evals: 67225 sd: 6491
36737 54660 3435 69141 14mics 5mics 8 0 32 47 28 38 5 6 27 43 15 11 35 14 30 17 12 10 42 29 36 13 2 7 37 19 16 46 31 33 41 1 9 23 18 26 45 21 40 4 20 22 39 25 34 3 24 44 

RW runs for 1 seconds:
avg_evals: 222323 sd: 64559
37965 54662 3427 69741 3mics 8mics 46 11 39 35 20 16 40 23 41 1 2 15 47 38 45 28 13 29 43 26 31 14 10 5 17 6 18 27 36 42 25 9 3 44 4 34 33 7 30 8 37 22 12 32 24 0 21 19 

H runs for 1 seconds:
avg_evals: 0 sd: 0
19488 24536 1932 32376 5800mics 323mics 9 25 3 34 44 23 4 38 31 47 41 28 1 40 33 2 22 10 14 39 0 8 37 7 21 15 13 24 12 20 46 11 32 45 35 6 17 27 29 5 26 18 36 16 30 43 42 19 

G runs for 1 seconds:
avg_steps: 134 sd: 13
avg_evals: 806853 sd: 7432
14645 15699 502 17885 19224mics 4681mics 0 8 39 2 21 15 40 33 28 1 3 25 34 44 23 9 41 4 47 31 38 20 12 24 13 22 10 14 11 46 19 32 45 35 6 17 27 36 18 26 16 42 29 5 43 30 37 7 

S runs for 1 seconds:
avg_steps: 39 sd: 4
avg_evals: 783000 sd: 137899
14706 15978 664 17970 114718mics 31318mics 14 11 10 22 13 33 2 21 15 40 28 1 3 25 34 44 23 9 41 4 47 31 38 24 12 20 46 19 32 45 35 6 17 27 36 18 26 16 42 29 5 43 30 37 7 0 8 39 

