Problem ATSP/br17.atsp:
R runs for 10 seconds:
avg_evals: 1739133 sd: 7610
43 246 58 445 5mics 18mics 11 9 1 12 13 2 10 0 7 16 8 4 3 6 14 15 5 

RW runs for 10 seconds:
avg_evals: 4510642 sd: 61326
41 246 58 445 2mics 32mics 1 10 15 6 3 4 5 14 7 8 16 0 11 2 13 9 12 

H runs for 10 seconds:
avg_evals: 0 sd: 0
39 126 49 348 544mics 26mics 8 7 16 1 9 10 12 2 13 0 11 6 5 14 15 4 3 

G runs for 10 seconds:
avg_steps: 16 sd: 3
avg_evals: 20658364 sd: 22050
39 39 0 39 237mics 45mics 12 13 2 11 0 15 5 6 14 3 4 7 16 8 1 9 10 

S runs for 10 seconds:
avg_steps: 8 sd: 1
avg_evals: 22228010 sd: 87171
39 39 0 39 905mics 126mics 10 12 6 14 5 15 3 4 7 8 16 11 0 13 2 1 9 

Problem ATSP/ftv33.atsp:
R runs for 10 seconds:
avg_evals: 1236275 sd: 9552
2942 4367 265 5585 7mics 15mics 6 7 17 9 13 0 14 25 33 2 3 31 19 11 18 22 27 26 1 29 10 12 8 30 5 15 16 28 24 23 20 21 32 4 

RW runs for 10 seconds:
avg_evals: 3853375 sd: 31006
2859 4367 265 5613 2mics 22mics 18 23 14 9 13 1 30 22 26 19 21 33 27 28 29 15 17 12 8 16 25 24 20 10 11 31 4 6 5 2 3 0 32 7 

H runs for 10 seconds:
avg_evals: 0 sd: 0
1719 2448 187 3153 2106mics 139mics 13 0 16 1 2 33 3 25 24 23 19 18 17 10 11 31 20 21 22 27 28 29 26 30 6 5 4 7 32 8 9 14 12 15 

G runs for 10 seconds:
avg_steps: 57 sd: 9
avg_evals: 11567444 sd: 30140
1324 1783 169 2666 5266mics 1485mics 14 15 16 0 13 9 32 7 4 6 5 30 33 2 3 1 25 24 23 27 28 29 26 22 20 21 31 18 19 17 11 8 10 12 

S runs for 10 seconds:
avg_steps: 21 sd: 3
avg_evals: 11938552 sd: 19465
1399 1952 210 2722 18562mics 3269mics 0 16 15 14 12 32 7 4 6 5 2 3 25 1 33 30 26 22 27 28 29 24 23 20 21 31 18 19 17 11 8 10 9 13 

Problem ATSP/ftv38.atsp:
R runs for 10 seconds:
avg_evals: 1171291 sd: 4185
3574 5178 296 6550 8mics 10mics 10 37 0 27 34 11 12 16 14 31 23 36 22 13 21 15 5 1 30 19 29 4 35 2 38 3 28 24 25 26 32 9 8 33 20 7 6 18 17 

RW runs for 10 seconds:
avg_evals: 3750139 sd: 34430
3408 5177 295 6585 2mics 31mics 0 14 17 34 19 16 36 21 22 13 1 4 15 37 9 27 20 8 32 29 3 2 35 33 30 31 23 24 25 38 6 5 7 12 10 11 18 28 26 

H runs for 10 seconds:
avg_evals: 0 sd: 0
1961 2735 187 3438 2726mics 142mics 33 28 27 23 25 26 24 22 20 21 36 13 12 11 16 14 15 7 6 5 8 10 9 37 17 18 19 29 0 1 38 2 4 3 35 30 31 32 34 

G runs for 10 seconds:
avg_steps: 64 sd: 10
avg_evals: 10236867 sd: 13695
1633 2192 196 3106 8461mics 2402mics 37 9 8 10 12 13 36 21 22 20 11 14 17 18 19 0 16 29 1 35 33 30 26 28 27 23 24 25 31 32 34 38 2 3 15 5 7 6 4 

S runs for 10 seconds:
avg_steps: 23 sd: 3
avg_evals: 10510203 sd: 109047
1769 2408 226 3214 31256mics 5198mics 0 16 14 15 8 13 36 21 22 20 37 9 10 12 11 5 7 6 4 35 38 2 3 1 29 28 27 23 24 25 26 30 31 32 34 33 19 18 17 

Problem ATSP/ft53.atsp:
R runs for 10 seconds:
avg_evals: 962442 sd: 3876
19160 26125 1163 30887 9mics 11mics 15 40 43 32 20 3 13 16 23 22 45 21 52 48 26 29 10 11 8 9 6 31 36 12 14 24 18 35 42 1 17 37 4 50 49 51 19 25 28 38 34 30 7 5 44 41 27 0 47 33 2 46 39 

RW runs for 10 seconds:
avg_evals: 3402976 sd: 24825
19114 26125 1164 30836 2mics 22mics 30 7 22 34 17 47 46 24 21 18 19 3 14 13 4 9 5 15 1 45 44 12 41 40 49 52 36 33 2 8 28 26 27 50 48 51 23 11 38 0 37 42 43 32 25 10 20 6 16 39 35 29 31 

H runs for 10 seconds:
avg_evals: 0 sd: 0
9926 13140 826 16165 4982mics 183mics 38 35 40 36 32 31 33 30 3 0 1 8 9 5 51 49 52 50 48 29 25 26 28 27 7 6 13 12 14 11 2 17 16 23 20 24 21 37 39 41 47 46 43 44 42 45 10 4 34 19 18 22 15 

G runs for 10 seconds:
avg_steps: 88 sd: 14
avg_evals: 7667825 sd: 15599
8747 12058 1100 16325 27766mics 8083mics 9 8 17 11 2 1 0 34 32 33 31 30 38 4 7 6 5 51 48 49 52 50 29 28 25 27 26 3 41 47 42 46 43 45 44 23 20 22 18 16 24 19 15 37 35 40 21 39 36 10 12 14 13 

S runs for 10 seconds:
avg_steps: 28 sd: 4
avg_evals: 7608680 sd: 54987
10179 13560 1121 17401 99309mics 16560mics 9 13 10 12 14 20 39 38 32 26 25 27 29 28 21 24 22 17 16 23 43 45 11 3 4 8 7 6 5 51 49 52 50 48 18 19 2 41 47 46 34 33 31 30 0 15 37 36 35 40 44 42 1 

Problem ATSP/ftv55.atsp:
R runs for 10 seconds:
avg_evals: 957766 sd: 1638
5387 7381 365 9122 9mics 12mics 38 20 42 22 41 24 52 54 14 12 49 53 34 28 48 33 50 10 13 7 17 51 39 11 1 2 15 21 23 29 3 37 6 35 9 36 4 55 32 5 8 27 43 26 0 44 30 45 31 25 40 19 46 47 16 18 

RW runs for 10 seconds:
avg_evals: 3374631 sd: 22884
5281 7381 365 9195 2mics 19mics 40 37 36 10 39 7 51 16 52 54 0 24 50 38 9 27 15 28 18 46 44 43 53 30 6 5 33 2 1 49 55 47 31 34 42 21 17 45 26 14 13 35 8 25 23 11 19 12 41 22 3 48 32 4 29 20 

H runs for 10 seconds:
avg_evals: 0 sd: 0
2520 3230 203 4088 5545mics 261mics 45 30 46 55 31 48 3 6 7 10 51 13 35 8 32 36 9 11 14 15 12 16 17 26 0 33 1 4 5 47 34 52 24 54 49 43 44 28 53 29 23 21 50 42 41 22 20 40 39 19 18 38 37 2 25 27 

G runs for 10 seconds:
avg_steps: 93 sd: 12
avg_evals: 7298893 sd: 12539
2095 2924 257 3887 30517mics 8597mics 39 11 51 10 32 8 35 4 6 5 47 48 3 31 46 43 28 53 44 29 26 33 13 7 25 24 42 50 23 54 27 49 45 30 55 34 1 2 0 52 17 16 15 12 14 37 36 9 38 19 20 40 41 21 22 18 

S runs for 10 seconds:
avg_steps: 31 sd: 4
avg_evals: 7516163 sd: 47824
2336 3338 291 4345 126609mics 18372mics 7 8 36 37 9 16 17 26 0 33 55 3 48 31 47 30 49 53 43 44 45 29 25 24 42 23 22 40 41 21 50 54 27 28 46 34 1 2 52 15 12 14 51 10 32 35 5 6 4 11 38 19 20 18 39 13 

Problem ATSP/ft70.atsp:
R runs for 10 seconds:
avg_evals: 823602 sd: 2645
62382 72121 1681 79535 11mics 11mics 45 15 19 23 30 32 50 31 18 7 4 21 40 22 25 24 10 9 8 11 0 28 1 48 63 66 68 64 36 37 34 17 12 54 60 16 52 49 35 27 53 33 51 5 14 2 47 65 69 57 3 26 46 61 43 6 56 58 67 42 44 38 39 41 13 55 29 59 20 62 

RW runs for 10 seconds:
avg_evals: 3139143 sd: 23950
61653 72122 1682 80431 2mics 22mics 43 33 58 8 62 57 45 54 59 31 9 1 34 51 11 19 49 48 16 32 25 6 4 7 41 5 29 35 28 22 53 18 20 61 38 69 64 37 36 40 67 65 66 63 30 14 50 56 24 55 47 60 46 44 0 3 2 17 68 39 42 52 15 12 23 26 27 21 13 10 

H runs for 10 seconds:
avg_evals: 0 sd: 0
45021 49161 1053 53645 8674mics 377mics 63 66 64 68 67 65 69 48 46 45 43 49 8 12 10 9 13 14 7 3 5 6 38 35 39 41 36 42 37 40 32 29 21 27 26 50 17 25 24 30 15 11 2 4 22 0 56 53 52 55 51 20 57 44 47 33 34 1 59 60 31 62 61 54 23 18 16 19 58 28 

G runs for 10 seconds:
avg_steps: 97 sd: 14
avg_evals: 5912597 sd: 13776
46917 51736 1581 56463 70759mics 21280mics 66 48 43 32 29 51 46 45 49 68 65 69 67 63 64 36 35 7 20 5 13 56 55 50 17 16 18 24 4 31 62 61 59 60 34 1 0 26 21 42 41 40 38 11 10 9 12 58 15 2 28 54 53 52 57 44 6 27 22 25 3 23 8 14 19 47 33 30 39 37 

S runs for 10 seconds:
avg_steps: 32 sd: 4
avg_evals: 6102628 sd: 41143
49595 53665 1402 58199 250515mics 33239mics 2 0 38 57 30 32 61 53 25 11 44 49 43 34 1 13 14 10 12 3 60 29 23 41 40 36 35 42 69 67 65 68 66 63 64 52 55 20 18 39 37 7 5 6 28 15 27 58 26 24 33 59 31 50 47 45 62 9 8 4 17 22 21 54 56 19 51 46 48 16 

Problem ATSP/kro124p.atsp:
R runs for 10 seconds:
avg_evals: 661633 sd: 990
148442 191010 8311 230762 14mics 8mics 13 19 91 27 17 73 58 34 44 74 53 10 29 55 6 86 50 51 4 71 14 9 25 5 63 89 56 2 48 3 21 52 15 0 64 96 80 72 49 79 35 59 46 11 62 57 16 81 41 60 54 70 38 67 7 31 61 66 90 37 93 65 18 69 88 30 85 26 75 78 84 20 83 24 82 22 39 76 23 98 8 68 94 43 36 77 32 1 12 42 28 95 92 33 97 99 40 47 45 87 

RW runs for 10 seconds:
avg_evals: 2682574 sd: 13668
147198 191014 8312 230741 3mics 16mics 4 74 38 39 19 94 44 58 88 30 66 29 28 16 71 59 46 42 51 22 63 24 2 53 20 31 14 23 78 27 60 81 75 47 54 95 79 83 62 93 7 25 15 21 10 5 52 50 91 55 48 92 97 64 87 69 76 11 84 65 18 96 17 41 57 3 6 98 9 90 77 36 68 8 89 45 80 33 99 32 1 56 37 26 34 86 49 12 70 72 67 0 73 85 82 61 40 35 43 13 

H runs for 10 seconds:
avg_evals: 0 sd: 0
53327 63506 3166 76163 17404mics 539mics 83 37 17 23 35 9 62 5 48 89 52 15 93 21 78 87 65 69 64 25 3 74 96 79 55 18 7 30 91 88 41 0 92 27 66 63 1 39 53 68 67 84 72 49 38 95 77 29 51 36 75 94 12 32 81 43 80 24 60 56 11 6 86 8 33 54 82 2 42 45 13 99 70 40 47 4 28 19 85 26 34 76 22 90 97 46 31 10 58 73 71 98 16 44 61 50 57 14 59 20 

G runs for 10 seconds:
avg_steps: 296 sd: 21
avg_evals: 4238758 sd: 24425
42925 49202 2648 56969 276366mics 76709mics 36 4 51 77 95 38 29 47 40 99 70 13 42 45 82 54 11 19 86 50 80 24 6 56 26 85 61 76 57 66 27 92 0 97 44 31 14 16 10 58 73 20 71 9 89 18 3 25 64 65 69 87 23 98 35 83 37 17 15 21 93 78 52 5 48 74 96 55 79 30 88 41 7 91 62 46 90 22 59 34 33 2 28 8 60 68 49 72 84 67 43 53 39 63 1 81 94 12 75 32 

S runs for 10 seconds:
avg_steps: 79 sd: 6
avg_evals: 4625930 sd: 114972
46311 54464 3905 63108 1821636mics 138960mics 81 94 75 32 36 4 51 95 38 84 67 43 1 39 63 53 68 72 49 24 80 66 27 92 57 60 86 50 6 33 56 34 97 90 22 44 14 16 98 35 37 23 17 15 21 69 87 93 65 3 96 74 48 83 9 71 20 73 58 10 31 46 89 18 52 64 25 41 7 79 30 88 55 5 91 78 62 0 76 61 59 8 26 11 19 85 82 54 42 2 28 45 47 40 99 70 13 29 77 12 

Problem ATSP/ry48p.atsp:
R runs for 10 seconds:
avg_evals: 1013954 sd: 2692
35658 54659 3436 70564 9mics 13mics 11 27 2 15 7 23 39 21 19 12 22 5 29 16 17 3 47 42 26 36 30 45 10 46 24 8 14 35 6 32 0 1 4 20 31 13 33 40 28 9 41 44 25 34 38 18 43 37 

RW runs for 10 seconds:
avg_evals: 3537358 sd: 28251
35216 54659 3439 69786 2mics 21mics 26 20 31 43 16 19 7 14 0 36 30 17 34 44 23 41 38 12 13 1 2 40 39 10 35 45 11 21 4 33 32 5 18 6 29 42 27 8 15 46 47 24 28 3 25 9 37 22 

H runs for 10 seconds:
avg_evals: 0 sd: 0
18630 24492 1965 32880 4153mics 283mics 36 42 26 29 35 43 30 17 6 27 32 19 14 11 45 37 39 8 0 15 21 33 13 22 10 46 24 4 47 38 20 12 31 41 23 9 34 44 25 3 1 28 2 40 7 18 5 16 

G runs for 10 seconds:
avg_steps: 133 sd: 13
avg_evals: 8375466 sd: 14537
14446 15702 515 18726 18580mics 4837mics 19 32 45 17 6 27 36 42 16 26 18 5 29 35 43 30 37 7 0 8 39 14 11 10 22 2 21 15 40 33 13 24 12 31 23 9 44 34 3 25 41 1 28 4 47 38 20 46 

S runs for 10 seconds:
avg_steps: 39 sd: 4
avg_evals: 8615160 sd: 30428
14629 15989 654 18961 100221mics 10674mics 21 15 40 33 13 24 12 31 23 9 44 34 3 25 41 1 28 4 47 38 20 46 19 32 45 17 6 27 5 26 18 16 42 29 36 35 43 30 37 7 0 8 39 14 11 10 22 2 

