Problem ATSP/ftv33.atsp:
G runs for 300 runs:
1 1792 1792
2 1638 1484
3 1746 1484
4 1711 1484
5 1719 1484
6 1753 1484
7 1726 1484
8 1713 1484
9 1711 1484
10 1726 1484
11 1712 1484
12 1694 1484
13 1698 1484
14 1718 1484
15 1732 1484
16 1740 1484
17 1753 1484
18 1751 1484
19 1762 1484
20 1778 1484
21 1787 1484
22 1790 1484
23 1786 1484
24 1790 1484
25 1793 1484
26 1791 1484
27 1789 1484
28 1789 1484
29 1782 1484
30 1795 1484
31 1792 1484
32 1795 1484
33 1787 1484
34 1785 1484
35 1785 1484
36 1789 1484
37 1796 1484
38 1798 1484
39 1805 1484
40 1805 1484
41 1809 1484
42 1809 1484
43 1812 1484
44 1808 1484
45 1814 1484
46 1812 1484
47 1806 1484
48 1803 1484
49 1802 1484
50 1806 1484
51 1803 1484
52 1803 1484
53 1811 1484
54 1808 1484
55 1808 1484
56 1812 1484
57 1812 1484
58 1816 1484
59 1813 1484
60 1814 1484
61 1813 1484
62 1811 1484
63 1808 1484
64 1804 1484
65 1802 1484
66 1802 1484
67 1804 1484
68 1801 1484
69 1800 1484
70 1799 1484
71 1796 1484
72 1801 1484
73 1799 1484
74 1796 1484
75 1795 1484
76 1792 1484
77 1793 1484
78 1793 1484
79 1790 1484
80 1788 1484
81 1788 1484
82 1787 1484
83 1787 1484
84 1789 1484
85 1787 1484
86 1787 1484
87 1789 1484
88 1789 1484
89 1792 1484
90 1791 1484
91 1789 1484
92 1790 1484
93 1789 1484
94 1788 1484
95 1789 1484
96 1788 1484
97 1792 1484
98 1791 1484
99 1792 1484
100 1791 1484
101 1794 1484
102 1795 1484
103 1794 1484
104 1794 1484
105 1795 1484
106 1797 1484
107 1794 1465
108 1792 1465
109 1792 1465
110 1790 1465
111 1789 1465
112 1788 1465
113 1788 1465
114 1788 1465
115 1787 1465
116 1786 1465
117 1785 1465
118 1785 1465
119 1784 1465
120 1784 1465
121 1784 1465
122 1781 1421
123 1781 1421
124 1781 1421
125 1782 1421
126 1781 1421
127 1782 1421
128 1784 1421
129 1784 1421
130 1783 1421
131 1783 1421
132 1785 1421
133 1785 1421
134 1785 1421
135 1786 1421
136 1786 1421
137 1786 1421
138 1787 1421
139 1787 1421
140 1789 1421
141 1788 1421
142 1789 1421
143 1789 1421
144 1789 1421
145 1790 1421
146 1788 1421
147 1790 1421
148 1788 1421
149 1789 1421
150 1788 1421
151 1789 1421
152 1787 1421
153 1787 1421
154 1787 1421
155 1788 1421
156 1789 1421
157 1790 1421
158 1792 1421
159 1792 1421
160 1792 1421
161 1795 1421
162 1793 1421
163 1791 1408
164 1792 1408
165 1793 1408
166 1794 1408
167 1793 1408
168 1793 1408
169 1793 1408
170 1792 1408
171 1792 1408
172 1793 1408
173 1796 1408
174 1796 1408
175 1794 1408
176 1795 1408
177 1795 1408
178 1796 1408
179 1796 1408
180 1795 1408
181 1795 1408
182 1793 1344
183 1792 1344
184 1792 1344
185 1792 1344
186 1791 1344
187 1793 1344
188 1792 1344
189 1791 1344
190 1790 1344
191 1791 1344
192 1792 1344
193 1791 1344
194 1791 1344
195 1791 1344
196 1791 1344
197 1791 1344
198 1791 1344
199 1790 1344
200 1790 1344
201 1789 1344
202 1789 1344
203 1789 1344
204 1789 1344
205 1787 1344
206 1788 1344
207 1788 1344
208 1789 1344
209 1789 1344
210 1788 1344
211 1789 1344
212 1789 1344
213 1788 1344
214 1788 1344
215 1788 1344
216 1786 1344
217 1786 1344
218 1787 1344
219 1786 1344
220 1786 1344
221 1785 1344
222 1785 1344
223 1785 1344
224 1784 1344
225 1784 1344
226 1785 1344
227 1784 1344
228 1785 1344
229 1784 1344
230 1784 1344
231 1784 1344
232 1785 1344
233 1784 1344
234 1785 1344
235 1784 1344
236 1784 1344
237 1784 1344
238 1786 1344
239 1786 1344
240 1786 1344
241 1786 1344
242 1787 1344
243 1787 1344
244 1787 1344
245 1787 1344
246 1786 1344
247 1786 1344
248 1786 1344
249 1787 1344
250 1786 1344
251 1786 1344
252 1786 1344
253 1785 1344
254 1786 1344
255 1785 1344
256 1786 1344
257 1786 1344
258 1786 1344
259 1786 1344
260 1786 1344
261 1786 1344
262 1785 1344
263 1785 1344
264 1785 1344
265 1785 1344
266 1784 1344
267 1784 1344
268 1783 1344
269 1784 1344
270 1784 1344
271 1784 1344
272 1785 1344
273 1786 1344
274 1785 1344
275 1785 1344
276 1784 1344
277 1785 1344
278 1784 1344
279 1785 1344
280 1786 1344
281 1785 1344
282 1785 1344
283 1785 1344
284 1785 1344
285 1784 1344
286 1785 1344
287 1786 1344
288 1786 1344
289 1786 1344
290 1785 1344
291 1785 1344
292 1786 1344
293 1786 1344
294 1786 1344
295 1786 1344
296 1787 1344
297 1787 1344
298 1787 1344
299 1787 1344
300 1786 1344

S runs for 300 runs:
1 2152 2152
2 2266 2152
3 2160 1947
4 2118 1947
5 2076 1910
6 2059 1910
7 2059 1910
8 2047 1910
9 2043 1910
10 2010 1709
11 2023 1709
12 2012 1709
13 2036 1709
14 2021 1709
15 2008 1709
16 1994 1709
17 2011 1709
18 2030 1709
19 2026 1709
20 2027 1709
21 2024 1709
22 2012 1709
23 2030 1709
24 2019 1709
25 2030 1709
26 2018 1709
27 2012 1709
28 2012 1709
29 2019 1709
30 2019 1709
31 2010 1709
32 2006 1709
33 2004 1709
34 2013 1709
35 2015 1709
36 2006 1709
37 1998 1709
38 1999 1709
39 2002 1709
40 1995 1709
41 2001 1709
42 1998 1709
43 2001 1709
44 2001 1709
45 1997 1709
46 1999 1709
47 2005 1709
48 2002 1709
49 1999 1709
50 2002 1709
51 2003 1709
52 2003 1709
53 1998 1709
54 1994 1709
55 1997 1709
56 1999 1709
57 2002 1709
58 1998 1709
59 1994 1709
60 1993 1709
61 1997 1709
62 1993 1709
63 1990 1709
64 1986 1709
65 1980 1623
66 1978 1623
67 1980 1623
68 1980 1623
69 1978 1623
70 1979 1623
71 1975 1623
72 1975 1623
73 1971 1623
74 1968 1623
75 1965 1623
76 1960 1623
77 1959 1623
78 1955 1623
79 1953 1623
80 1948 1557
81 1954 1557
82 1956 1557
83 1960 1557
84 1958 1557
85 1957 1557
86 1960 1557
87 1961 1557
88 1962 1557
89 1958 1557
90 1960 1557
91 1962 1557
92 1964 1557
93 1965 1557
94 1966 1557
95 1967 1557
96 1968 1557
97 1963 1540
98 1962 1540
99 1962 1540
100 1964 1540
101 1966 1540
102 1965 1540
103 1968 1540
104 1969 1540
105 1968 1540
106 1968 1540
107 1968 1540
108 1968 1540
109 1969 1540
110 1971 1540
111 1969 1540
112 1969 1540
113 1967 1540
114 1965 1540
115 1964 1540
116 1962 1540
117 1964 1540
118 1966 1540
119 1964 1540
120 1966 1540
121 1964 1540
122 1964 1540
123 1967 1540
124 1967 1540
125 1969 1540
126 1968 1540
127 1969 1540
128 1969 1540
129 1971 1540
130 1972 1540
131 1972 1540
132 1971 1540
133 1969 1540
134 1970 1540
135 1969 1540
136 1969 1540
137 1969 1540
138 1971 1540
139 1973 1540
140 1972 1540
141 1972 1540
142 1973 1540
143 1972 1540
144 1973 1540
145 1974 1540
146 1974 1540
147 1974 1540
148 1975 1540
149 1976 1540
150 1977 1540
151 1977 1540
152 1980 1540
153 1981 1540
154 1980 1540
155 1980 1540
156 1979 1540
157 1978 1540
158 1980 1540
159 1980 1540
160 1981 1540
161 1980 1540
162 1979 1540
163 1981 1540
164 1984 1540
165 1984 1540
166 1985 1540
167 1984 1540
168 1983 1540
169 1983 1540
170 1981 1540
171 1980 1540
172 1980 1540
173 1980 1540
174 1982 1540
175 1980 1540
176 1980 1540
177 1980 1540
178 1982 1540
179 1981 1540
180 1983 1540
181 1983 1540
182 1982 1540
183 1981 1540
184 1978 1530
185 1978 1530
186 1977 1530
187 1978 1530
188 1978 1530
189 1981 1530
190 1980 1530
191 1981 1530
192 1980 1530
193 1980 1530
194 1977 1415
195 1976 1415
196 1977 1415
197 1981 1415
198 1981 1415
199 1979 1415
200 1980 1415
201 1981 1415
202 1982 1415
203 1982 1415
204 1981 1415
205 1979 1415
206 1978 1415
207 1979 1415
208 1976 1415
209 1975 1415
210 1976 1415
211 1977 1415
212 1978 1415
213 1977 1415
214 1976 1415
215 1977 1415
216 1976 1415
217 1975 1415
218 1976 1415
219 1976 1415
220 1975 1415
221 1974 1415
222 1973 1415
223 1975 1415
224 1975 1415
225 1975 1415
226 1976 1415
227 1975 1415
228 1976 1415
229 1975 1415
230 1976 1415
231 1976 1415
232 1977 1415
233 1976 1415
234 1976 1415
235 1978 1415
236 1977 1415
237 1978 1415
238 1977 1415
239 1978 1415
240 1979 1415
241 1978 1415
242 1978 1415
243 1976 1415
244 1977 1415
245 1976 1415
246 1975 1415
247 1976 1415
248 1975 1415
249 1975 1415
250 1976 1415
251 1977 1415
252 1977 1415
253 1976 1415
254 1977 1415
255 1976 1415
256 1976 1415
257 1977 1415
258 1977 1415
259 1976 1415
260 1977 1415
261 1979 1415
262 1979 1415
263 1980 1415
264 1979 1415
265 1979 1415
266 1979 1415
267 1978 1415
268 1978 1415
269 1977 1415
270 1976 1415
271 1976 1415
272 1977 1415
273 1976 1415
274 1976 1415
275 1975 1415
276 1976 1415
277 1976 1415
278 1976 1415
279 1976 1415
280 1975 1415
281 1975 1415
282 1976 1415
283 1977 1415
284 1975 1415
285 1976 1415
286 1976 1415
287 1976 1415
288 1975 1415
289 1975 1415
290 1975 1415
291 1975 1415
292 1974 1415
293 1973 1415
294 1972 1415
295 1973 1415
296 1974 1415
297 1973 1415
298 1973 1415
299 1973 1415
300 1973 1415

Problem ATSP/ftv38.atsp:
G runs for 300 runs:
1 2420 2420
2 2320 2221
3 2232 2055
4 2207 2055
5 2193 2055
6 2155 1964
7 2173 1964
8 2173 1964
9 2192 1964
10 2172 1964
11 2176 1964
12 2155 1924
13 2154 1924
14 2177 1924
15 2177 1924
16 2184 1924
17 2169 1924
18 2175 1924
19 2189 1924
20 2182 1924
21 2182 1924
22 2163 1763
23 2161 1763
24 2158 1763
25 2155 1763
26 2156 1763
27 2158 1763
28 2160 1763
29 2168 1763
30 2185 1763
31 2195 1763
32 2188 1763
33 2189 1763
34 2189 1763
35 2188 1763
36 2185 1763
37 2181 1763
38 2184 1763
39 2179 1763
40 2173 1763
41 2173 1763
42 2170 1763
43 2172 1763
44 2174 1763
45 2176 1763
46 2171 1763
47 2174 1763
48 2182 1763
49 2181 1763
50 2176 1763
51 2181 1763
52 2184 1763
53 2190 1763
54 2191 1763
55 2184 1763
56 2185 1763
57 2180 1763
58 2179 1763
59 2179 1763
60 2184 1763
61 2185 1763
62 2182 1763
63 2177 1763
64 2181 1763
65 2183 1763
66 2184 1763
67 2186 1763
68 2192 1763
69 2193 1763
70 2194 1763
71 2196 1763
72 2190 1763
73 2186 1763
74 2184 1763
75 2181 1763
76 2175 1714
77 2180 1714
78 2179 1714
79 2174 1714
80 2175 1714
81 2171 1714
82 2169 1714
83 2166 1714
84 2167 1714
85 2166 1714
86 2167 1714
87 2172 1714
88 2169 1714
89 2168 1714
90 2172 1714
91 2179 1714
92 2177 1714
93 2177 1714
94 2176 1714
95 2176 1714
96 2174 1714
97 2169 1714
98 2170 1714
99 2167 1714
100 2164 1714
101 2166 1714
102 2171 1714
103 2168 1714
104 2167 1714
105 2169 1714
106 2167 1714
107 2165 1714
108 2164 1714
109 2162 1714
110 2163 1714
111 2165 1714
112 2167 1714
113 2169 1714
114 2171 1714
115 2170 1714
116 2170 1714
117 2172 1714
118 2174 1714
119 2173 1714
120 2173 1714
121 2175 1714
122 2176 1714
123 2177 1714
124 2175 1714
125 2174 1714
126 2175 1714
127 2175 1714
128 2174 1714
129 2175 1714
130 2175 1714
131 2176 1714
132 2174 1714
133 2173 1714
134 2171 1714
135 2172 1714
136 2172 1714
137 2171 1714
138 2172 1714
139 2173 1714
140 2172 1714
141 2173 1714
142 2173 1714
143 2170 1714
144 2171 1714
145 2169 1714
146 2169 1714
147 2171 1714
148 2170 1714
149 2172 1714
150 2171 1714
151 2172 1714
152 2172 1714
153 2171 1714
154 2172 1714
155 2172 1714
156 2176 1714
157 2175 1714
158 2176 1714
159 2177 1714
160 2179 1714
161 2180 1714
162 2178 1714
163 2178 1714
164 2178 1714
165 2178 1714
166 2176 1714
167 2177 1714
168 2177 1714
169 2175 1714
170 2177 1714
171 2177 1714
172 2177 1714
173 2178 1714
174 2176 1714
175 2175 1714
176 2176 1714
177 2175 1714
178 2175 1714
179 2176 1714
180 2176 1714
181 2175 1714
182 2174 1714
183 2175 1714
184 2176 1714
185 2176 1714
186 2174 1714
187 2175 1714
188 2176 1714
189 2177 1714
190 2176 1714
191 2176 1714
192 2176 1714
193 2176 1714
194 2175 1714
195 2175 1714
196 2175 1714
197 2176 1714
198 2176 1714
199 2176 1714
200 2177 1714
201 2179 1714
202 2179 1714
203 2179 1714
204 2179 1714
205 2181 1714
206 2181 1714
207 2182 1714
208 2182 1714
209 2183 1714
210 2184 1714
211 2187 1714
212 2187 1714
213 2189 1714
214 2189 1714
215 2189 1714
216 2189 1714
217 2189 1714
218 2191 1714
219 2190 1714
220 2190 1714
221 2191 1714
222 2190 1714
223 2191 1714
224 2192 1714
225 2195 1714
226 2196 1714
227 2196 1714
228 2196 1714
229 2196 1714
230 2195 1714
231 2195 1714
232 2195 1714
233 2196 1714
234 2196 1714
235 2196 1714
236 2196 1714
237 2196 1714
238 2194 1653
239 2195 1653
240 2197 1653
241 2195 1653
242 2195 1653
243 2196 1653
244 2197 1653
245 2197 1653
246 2197 1653
247 2197 1653
248 2197 1653
249 2196 1653
250 2197 1653
251 2198 1653
252 2197 1653
253 2198 1653
254 2199 1653
255 2200 1653
256 2200 1653
257 2200 1653
258 2200 1653
259 2200 1653
260 2198 1653
261 2199 1653
262 2199 1653
263 2199 1653
264 2200 1653
265 2200 1653
266 2199 1653
267 2199 1653
268 2199 1653
269 2198 1653
270 2198 1653
271 2198 1653
272 2201 1653
273 2201 1653
274 2200 1653
275 2200 1653
276 2199 1653
277 2199 1653
278 2199 1653
279 2198 1653
280 2198 1653
281 2197 1653
282 2199 1653
283 2198 1653
284 2198 1653
285 2198 1653
286 2197 1653
287 2198 1653
288 2197 1653
289 2197 1653
290 2197 1653
291 2197 1653
292 2197 1653
293 2196 1653
294 2195 1653
295 2194 1653
296 2195 1653
297 2194 1653
298 2195 1653
299 2194 1653
300 2195 1653

S runs for 300 runs:
1 2105 2105
2 2270 2105
3 2258 2105
4 2308 2105
5 2318 2105
6 2265 2000
7 2328 2000
8 2375 2000
9 2395 2000
10 2357 2000
11 2365 2000
12 2361 2000
13 2343 2000
14 2367 2000
15 2364 2000
16 2354 2000
17 2362 2000
18 2387 2000
19 2387 2000
20 2414 2000
21 2441 2000
22 2429 2000
23 2416 2000
24 2411 2000
25 2423 2000
26 2416 2000
27 2409 2000
28 2391 1903
29 2384 1903
30 2376 1903
31 2384 1903
32 2391 1903
33 2388 1903
34 2388 1903
35 2395 1903
36 2392 1903
37 2398 1903
38 2397 1903
39 2407 1903
40 2414 1903
41 2416 1903
42 2417 1903
43 2414 1903
44 2405 1903
45 2404 1903
46 2410 1903
47 2416 1903
48 2418 1903
49 2423 1903
50 2417 1903
51 2418 1903
52 2416 1903
53 2419 1903
54 2419 1903
55 2412 1903
56 2415 1903
57 2416 1903
58 2417 1903
59 2416 1903
60 2421 1903
61 2422 1903
62 2423 1903
63 2422 1903
64 2423 1903
65 2430 1903
66 2428 1903
67 2425 1903
68 2430 1903
69 2425 1903
70 2424 1903
71 2425 1903
72 2424 1903
73 2425 1903
74 2422 1903
75 2420 1903
76 2425 1903
77 2424 1903
78 2424 1903
79 2422 1903
80 2419 1903
81 2423 1903
82 2423 1903
83 2421 1903
84 2423 1903
85 2425 1903
86 2422 1903
87 2423 1903
88 2428 1903
89 2427 1903
90 2426 1903
91 2425 1903
92 2426 1903
93 2421 1903
94 2423 1903
95 2424 1903
96 2423 1903
97 2422 1903
98 2420 1903
99 2419 1903
100 2421 1903
101 2422 1903
102 2423 1903
103 2427 1903
104 2426 1903
105 2423 1903
106 2422 1903
107 2424 1903
108 2425 1903
109 2425 1903
110 2426 1903
111 2422 1903
112 2423 1903
113 2423 1903
114 2424 1903
115 2424 1903
116 2424 1903
117 2423 1903
118 2423 1903
119 2424 1903
120 2423 1903
121 2420 1903
122 2419 1903
123 2418 1903
124 2420 1903
125 2422 1903
126 2422 1903
127 2421 1903
128 2424 1903
129 2425 1903
130 2426 1903
131 2424 1903
132 2424 1903
133 2423 1903
134 2422 1903
135 2423 1903
136 2423 1903
137 2426 1903
138 2424 1903
139 2425 1903
140 2425 1903
141 2422 1903
142 2423 1903
143 2423 1903
144 2423 1903
145 2422 1903
146 2421 1903
147 2420 1903
148 2419 1903
149 2421 1903
150 2418 1903
151 2418 1903
152 2416 1903
153 2416 1903
154 2417 1903
155 2417 1903
156 2417 1903
157 2418 1903
158 2417 1903
159 2416 1903
160 2418 1903
161 2417 1903
162 2414 1903
163 2414 1903
164 2413 1903
165 2411 1903
166 2412 1903
167 2415 1903
168 2414 1903
169 2415 1903
170 2414 1903
171 2413 1903
172 2414 1903
173 2413 1903
174 2415 1903
175 2416 1903
176 2415 1903
177 2418 1903
178 2418 1903
179 2416 1903
180 2417 1903
181 2419 1903
182 2421 1903
183 2421 1903
184 2423 1903
185 2422 1903
186 2422 1903
187 2424 1903
188 2423 1903
189 2423 1903
190 2424 1903
191 2423 1903
192 2425 1903
193 2425 1903
194 2425 1903
195 2424 1903
196 2425 1903
197 2425 1903
198 2427 1903
199 2428 1903
200 2431 1903
201 2432 1903
202 2433 1903
203 2433 1903
204 2434 1903
205 2434 1903
206 2434 1903
207 2435 1903
208 2434 1903
209 2433 1903
210 2434 1903
211 2434 1903
212 2437 1903
213 2437 1903
214 2435 1903
215 2437 1903
216 2437 1903
217 2439 1903
218 2438 1903
219 2438 1903
220 2439 1903
221 2439 1903
222 2439 1903
223 2439 1903
224 2440 1903
225 2441 1903
226 2443 1903
227 2443 1903
228 2443 1903
229 2443 1903
230 2444 1903
231 2443 1903
232 2442 1903
233 2440 1903
234 2440 1903
235 2440 1903
236 2440 1903
237 2440 1903
238 2441 1903
239 2440 1903
240 2441 1903
241 2441 1903
242 2441 1903
243 2440 1903
244 2441 1903
245 2441 1903
246 2442 1903
247 2440 1903
248 2442 1903
249 2442 1903
250 2444 1903
251 2445 1903
252 2445 1903
253 2445 1903
254 2444 1903
255 2443 1903
256 2444 1903
257 2442 1903
258 2442 1903
259 2441 1903
260 2440 1903
261 2439 1903
262 2440 1903
263 2439 1903
264 2438 1903
265 2439 1903
266 2440 1903
267 2440 1903
268 2440 1903
269 2440 1903
270 2440 1903
271 2440 1903
272 2440 1903
273 2440 1903
274 2442 1903
275 2443 1903
276 2445 1903
277 2446 1903
278 2445 1903
279 2444 1903
280 2442 1903
281 2443 1903
282 2444 1903
283 2443 1903
284 2443 1903
285 2443 1903
286 2443 1903
287 2441 1903
288 2441 1903
289 2439 1844
290 2440 1844
291 2440 1844
292 2441 1844
293 2440 1844
294 2440 1844
295 2440 1844
296 2440 1844
297 2440 1844
298 2439 1844
299 2440 1844
300 2440 1844

Problem ATSP/ft53.atsp:
G runs for 300 runs:
1 12907 12907
2 12759 12611
3 12610 12312
4 12377 11681
5 12220 11592
6 12490 11592
7 12336 11416
8 12449 11416
9 12474 11416
10 12397 11416
11 12375 11416
12 12268 11086
13 12195 11086
14 12143 11086
15 12138 11086
16 12113 11086
17 12178 11086
18 12243 11086
19 12175 10961
20 12144 10961
21 12196 10961
22 12198 10961
23 12196 10961
24 12120 10377
25 12138 10377
26 12063 10191
27 12045 10191
28 12000 10191
29 11982 10191
30 11960 10191
31 11958 10191
32 12012 10191
33 12000 10191
34 11988 10191
35 11946 10191
36 11920 10191
37 11903 10191
38 11958 10191
39 11939 10191
40 11960 10191
41 11981 10191
42 11977 10191
43 11950 10191
44 11952 10191
45 11963 10191
46 11937 10191
47 11942 10191
48 11930 10191
49 11967 10191
50 11939 10191
51 11948 10191
52 11934 10191
53 11939 10191
54 11952 10191
55 11960 10191
56 11960 10191
57 11965 10191
58 11991 10191
59 11999 10191
60 12026 10191
61 12066 10191
62 12042 10191
63 12033 10191
64 12028 10191
65 12016 10191
66 12076 10191
67 12092 10191
68 12091 10191
69 12074 10191
70 12067 10191
71 12071 10191
72 12065 10191
73 12049 10191
74 12065 10191
75 12043 10191
76 12025 10191
77 12018 10191
78 12025 10191
79 12021 10191
80 12027 10191
81 12023 10191
82 12010 10191
83 12031 10191
84 12027 10191
85 12021 10191
86 12030 10191
87 12015 10191
88 12018 10191
89 12025 10191
90 12010 10191
91 12002 10191
92 11992 10191
93 12003 10191
94 12021 10191
95 12017 10191
96 12017 10191
97 12020 10191
98 12010 10191
99 12026 10191
100 12043 10191
101 12029 10191
102 12041 10191
103 12035 10191
104 12031 10191
105 12038 10191
106 12041 10191
107 12039 10191
108 12028 10191
109 12024 10191
110 12008 10191
111 12009 10191
112 12030 10191
113 12038 10191
114 12043 10191
115 12038 10191
116 12042 10191
117 12038 10191
118 12052 10191
119 12044 10191
120 12048 10191
121 12054 10191
122 12048 10191
123 12059 10191
124 12064 10191
125 12067 10191
126 12069 10191
127 12062 10191
128 12060 10191
129 12056 10191
130 12049 10191
131 12037 10191
132 12023 10191
133 12038 10191
134 12041 10191
135 12034 10191
136 12041 10191
137 12047 10191
138 12041 10191
139 12047 10191
140 12048 10191
141 12056 10191
142 12052 10191
143 12054 10191
144 12048 10191
145 12039 10191
146 12050 10191
147 12050 10191
148 12047 10191
149 12044 10191
150 12063 10191
151 12073 10191
152 12071 10191
153 12074 10191
154 12074 10191
155 12073 10191
156 12075 10191
157 12090 10191
158 12100 10191
159 12108 10191
160 12109 10191
161 12112 10191
162 12111 10191
163 12110 10191
164 12115 10191
165 12114 10191
166 12120 10191
167 12119 10191
168 12116 10191
169 12110 10191
170 12108 10191
171 12112 10191
172 12107 10191
173 12110 10191
174 12121 10191
175 12120 10191
176 12115 10191
177 12121 10191
178 12121 10191
179 12120 10191
180 12119 10191
181 12128 10191
182 12129 10191
183 12122 10191
184 12118 10191
185 12117 10191
186 12116 10191
187 12118 10191
188 12118 10191
189 12116 10191
190 12112 10191
191 12110 10191
192 12109 10191
193 12106 10191
194 12101 10191
195 12113 10191
196 12108 10191
197 12102 10191
198 12109 10191
199 12112 10191
200 12112 10191
201 12108 10191
202 12108 10191
203 12103 10191
204 12104 10191
205 12110 10191
206 12105 10191
207 12106 10191
208 12109 10191
209 12109 10191
210 12112 10191
211 12106 10191
212 12103 10191
213 12101 10191
214 12106 10191
215 12105 10191
216 12098 10191
217 12103 10191
218 12115 10191
219 12113 10191
220 12112 10191
221 12113 10191
222 12112 10191
223 12110 10191
224 12113 10191
225 12109 10191
226 12120 10191
227 12116 10191
228 12115 10191
229 12119 10191
230 12118 10191
231 12120 10191
232 12123 10191
233 12119 10191
234 12126 10191
235 12127 10191
236 12118 10105
237 12124 10105
238 12125 10105
239 12120 10105
240 12118 10105
241 12117 10105
242 12110 10105
243 12110 10105
244 12122 10105
245 12123 10105
246 12127 10105
247 12122 10105
248 12135 10105
249 12133 10105
250 12130 10105
251 12123 10105
252 12115 10066
253 12113 10066
254 12119 10066
255 12119 10066
256 12117 10066
257 12115 10066
258 12117 10066
259 12116 10066
260 12114 10066
261 12114 10066
262 12129 10066
263 12135 10066
264 12139 10066
265 12136 10066
266 12140 10066
267 12143 10066
268 12142 10066
269 12140 10066
270 12133 10066
271 12129 10066
272 12128 10066
273 12131 10066
274 12123 10066
275 12124 10066
276 12119 10066
277 12119 10066
278 12119 10066
279 12113 10066
280 12118 10066
281 12117 10066
282 12115 10066
283 12114 10066
284 12108 10066
285 12114 10066
286 12116 10066
287 12117 10066
288 12114 10066
289 12115 10066
290 12112 10066
291 12113 10066
292 12113 10066
293 12112 10066
294 12113 10066
295 12112 10066
296 12109 10066
297 12103 10066
298 12106 10066
299 12099 10050
300 12097 10050

S runs for 300 runs:
1 12564 12564
2 13931 12564
3 14024 12564
4 13712 12564
5 13453 12417
6 13549 12417
7 13524 12417
8 13717 12417
9 13773 12417
10 13626 12298
11 13605 12298
12 13518 12298
13 13547 12298
14 13407 11579
15 13402 11579
16 13367 11579
17 13507 11579
18 13499 11579
19 13476 11579
20 13418 11579
21 13412 11579
22 13509 11579
23 13514 11579
24 13570 11579
25 13575 11579
26 13638 11579
27 13611 11579
28 13611 11579
29 13669 11579
30 13677 11579
31 13706 11579
32 13653 11579
33 13662 11579
34 13669 11579
35 13699 11579
36 13676 11579
37 13633 11579
38 13618 11579
39 13610 11579
40 13612 11579
41 13639 11579
42 13697 11579
43 13685 11579
44 13640 11579
45 13640 11579
46 13693 11579
47 13703 11579
48 13670 11579
49 13684 11579
50 13696 11579
51 13717 11579
52 13647 10079
53 13666 10079
54 13641 10079
55 13625 10079
56 13598 10079
57 13627 10079
58 13647 10079
59 13658 10079
60 13641 10079
61 13627 10079
62 13614 10079
63 13616 10079
64 13607 10079
65 13597 10079
66 13565 10079
67 13557 10079
68 13559 10079
69 13560 10079
70 13592 10079
71 13594 10079
72 13586 10079
73 13605 10079
74 13578 10079
75 13575 10079
76 13570 10079
77 13586 10079
78 13580 10079
79 13577 10079
80 13590 10079
81 13599 10079
82 13589 10079
83 13586 10079
84 13604 10079
85 13596 10079
86 13600 10079
87 13610 10079
88 13597 10079
89 13595 10079
90 13585 10079
91 13586 10079
92 13598 10079
93 13590 10079
94 13600 10079
95 13606 10079
96 13602 10079
97 13590 10079
98 13585 10079
99 13592 10079
100 13596 10079
101 13585 10079
102 13588 10079
103 13598 10079
104 13595 10079
105 13585 10079
106 13587 10079
107 13585 10079
108 13584 10079
109 13585 10079
110 13585 10079
111 13584 10079
112 13583 10079
113 13584 10079
114 13589 10079
115 13601 10079
116 13614 10079
117 13619 10079
118 13607 10079
119 13611 10079
120 13609 10079
121 13621 10079
122 13601 10079
123 13604 10079
124 13600 10079
125 13611 10079
126 13615 10079
127 13602 10079
128 13615 10079
129 13612 10079
130 13615 10079
131 13630 10079
132 13624 10079
133 13615 10079
134 13610 10079
135 13608 10079
136 13615 10079
137 13623 10079
138 13631 10079
139 13635 10079
140 13625 10079
141 13624 10079
142 13633 10079
143 13623 10079
144 13638 10079
145 13637 10079
146 13630 10079
147 13627 10079
148 13624 10079
149 13631 10079
150 13637 10079
151 13648 10079
152 13656 10079
153 13652 10079
154 13656 10079
155 13660 10079
156 13655 10079
157 13647 10079
158 13635 10079
159 13642 10079
160 13637 10079
161 13631 10079
162 13632 10079
163 13647 10079
164 13644 10079
165 13647 10079
166 13656 10079
167 13659 10079
168 13666 10079
169 13685 10079
170 13685 10079
171 13685 10079
172 13687 10079
173 13689 10079
174 13681 10079
175 13688 10079
176 13680 10079
177 13668 10079
178 13666 10079
179 13665 10079
180 13667 10079
181 13666 10079
182 13664 10079
183 13667 10079
184 13671 10079
185 13667 10079
186 13666 10079
187 13667 10079
188 13661 10079
189 13658 10079
190 13664 10079
191 13670 10079
192 13668 10079
193 13671 10079
194 13667 10079
195 13661 10079
196 13657 10079
197 13659 10079
198 13667 10079
199 13662 10079
200 13655 10079
201 13657 10079
202 13661 10079
203 13664 10079
204 13665 10079
205 13669 10079
206 13673 10079
207 13666 10079
208 13668 10079
209 13671 10079
210 13668 10079
211 13668 10079
212 13665 10079
213 13669 10079
214 13672 10079
215 13668 10079
216 13675 10079
217 13673 10079
218 13669 10079
219 13671 10079
220 13669 10079
221 13667 10079
222 13660 10079
223 13669 10079
224 13667 10079
225 13663 10079
226 13651 10079
227 13652 10079
228 13652 10079
229 13641 10079
230 13636 10079
231 13628 10079
232 13629 10079
233 13628 10079
234 13634 10079
235 13638 10079
236 13634 10079
237 13623 10079
238 13627 10079
239 13625 10079
240 13627 10079
241 13631 10079
242 13630 10079
243 13630 10079
244 13626 10079
245 13632 10079
246 13632 10079
247 13637 10079
248 13638 10079
249 13633 10079
250 13634 10079
251 13631 10079
252 13644 10079
253 13645 10079
254 13635 10079
255 13639 10079
256 13637 10079
257 13635 10079
258 13636 10079
259 13634 10079
260 13631 10079
261 13627 10079
262 13628 10079
263 13633 10079
264 13638 10079
265 13633 10079
266 13630 10079
267 13626 10079
268 13622 10079
269 13617 10079
270 13623 10079
271 13614 10079
272 13619 10079
273 13617 10079
274 13611 10079
275 13611 10079
276 13609 10079
277 13603 10079
278 13602 10079
279 13596 10079
280 13592 10079
281 13590 10079
282 13595 10079
283 13601 10079
284 13604 10079
285 13604 10079
286 13595 10079
287 13596 10079
288 13595 10079
289 13597 10079
290 13601 10079
291 13601 10079
292 13599 10079
293 13600 10079
294 13597 10079
295 13597 10079
296 13599 10079
297 13600 10079
298 13596 10079
299 13599 10079
300 13596 10079

Problem ATSP/ftv55.atsp:
G runs for 300 runs:
1 2866 2866
2 2881 2866
3 2930 2866
4 2947 2866
5 2994 2866
6 2983 2866
7 3011 2866
8 2987 2821
9 2994 2821
10 2990 2821
11 3024 2821
12 3042 2821
13 2995 2430
14 2998 2430
15 2978 2430
16 2967 2430
17 2947 2430
18 2950 2430
19 2939 2430
20 2929 2430
21 2920 2430
22 2959 2430
23 2972 2430
24 2976 2430
25 2983 2430
26 2974 2430
27 2973 2430
28 2977 2430
29 2976 2430
30 2975 2430
31 2973 2430
32 2959 2430
33 2957 2430
34 2956 2430
35 2946 2430
36 2945 2430
37 2952 2430
38 2949 2430
39 2948 2430
40 2952 2430
41 2958 2430
42 2956 2430
43 2958 2430
44 2956 2430
45 2970 2430
46 2969 2430
47 2965 2430
48 2967 2430
49 2970 2430
50 2970 2430
51 2975 2430
52 2976 2430
53 2968 2430
54 2958 2430
55 2957 2430
56 2961 2430
57 2964 2430
58 2964 2430
59 2954 2387
60 2956 2387
61 2960 2387
62 2956 2387
63 2956 2387
64 2955 2387
65 2952 2387
66 2951 2387
67 2947 2387
68 2946 2387
69 2946 2387
70 2949 2387
71 2949 2387
72 2949 2387
73 2952 2387
74 2953 2387
75 2942 2152
76 2943 2152
77 2945 2152
78 2947 2152
79 2945 2152
80 2945 2152
81 2946 2152
82 2943 2152
83 2944 2152
84 2940 2152
85 2937 2152
86 2939 2152
87 2939 2152
88 2942 2152
89 2935 2152
90 2936 2152
91 2932 2152
92 2930 2152
93 2933 2152
94 2932 2152
95 2929 2152
96 2929 2152
97 2927 2152
98 2927 2152
99 2927 2152
100 2923 2152
101 2923 2152
102 2923 2152
103 2922 2152
104 2923 2152
105 2923 2152
106 2924 2152
107 2923 2152
108 2923 2152
109 2922 2152
110 2928 2152
111 2927 2152
112 2928 2152
113 2930 2152
114 2930 2152
115 2930 2152
116 2931 2152
117 2929 2152
118 2930 2152
119 2938 2152
120 2938 2152
121 2941 2152
122 2939 2152
123 2939 2152
124 2942 2152
125 2941 2152
126 2941 2152
127 2944 2152
128 2945 2152
129 2944 2152
130 2943 2152
131 2942 2152
132 2943 2152
133 2944 2152
134 2946 2152
135 2948 2152
136 2949 2152
137 2951 2152
138 2950 2152
139 2951 2152
140 2953 2152
141 2954 2152
142 2955 2152
143 2957 2152
144 2955 2152
145 2954 2152
146 2953 2152
147 2954 2152
148 2952 2152
149 2953 2152
150 2953 2152
151 2952 2152
152 2951 2152
153 2950 2152
154 2954 2152
155 2952 2152
156 2951 2152
157 2951 2152
158 2948 2152
159 2947 2152
160 2949 2152
161 2948 2152
162 2947 2152
163 2950 2152
164 2948 2152
165 2947 2152
166 2949 2152
167 2948 2152
168 2951 2152
169 2950 2152
170 2949 2152
171 2947 2152
172 2949 2152
173 2950 2152
174 2950 2152
175 2951 2152
176 2950 2152
177 2949 2152
178 2948 2152
179 2948 2152
180 2947 2152
181 2946 2152
182 2943 2152
183 2944 2152
184 2946 2152
185 2946 2152
186 2945 2152
187 2944 2152
188 2944 2152
189 2943 2152
190 2942 2152
191 2946 2152
192 2947 2152
193 2947 2152
194 2947 2152
195 2949 2152
196 2946 2152
197 2946 2152
198 2948 2152
199 2947 2152
200 2946 2152
201 2949 2152
202 2948 2152
203 2948 2152
204 2950 2152
205 2950 2152
206 2950 2152
207 2953 2152
208 2955 2152
209 2956 2152
210 2957 2152
211 2956 2152
212 2954 2152
213 2955 2152
214 2957 2152
215 2956 2152
216 2957 2152
217 2956 2152
218 2956 2152
219 2955 2152
220 2954 2152
221 2954 2152
222 2953 2152
223 2954 2152
224 2955 2152
225 2956 2152
226 2956 2152
227 2956 2152
228 2955 2152
229 2955 2152
230 2955 2152
231 2956 2152
232 2956 2152
233 2955 2152
234 2956 2152
235 2955 2152
236 2955 2152
237 2955 2152
238 2956 2152
239 2955 2152
240 2955 2152
241 2955 2152
242 2956 2152
243 2958 2152
244 2956 2152
245 2956 2152
246 2955 2152
247 2954 2152
248 2953 2152
249 2953 2152
250 2953 2152
251 2953 2152
252 2951 2152
253 2951 2152
254 2952 2152
255 2951 2152
256 2950 2152
257 2952 2152
258 2952 2152
259 2952 2152
260 2953 2152
261 2952 2152
262 2952 2152
263 2953 2152
264 2953 2152
265 2952 2152
266 2952 2152
267 2953 2152
268 2951 2152
269 2951 2152
270 2950 2152
271 2948 2152
272 2947 2152
273 2948 2152
274 2949 2152
275 2948 2152
276 2948 2152
277 2947 2152
278 2947 2152
279 2945 2152
280 2946 2152
281 2947 2152
282 2945 2152
283 2946 2152
284 2945 2152
285 2944 2152
286 2945 2152
287 2947 2152
288 2948 2152
289 2947 2152
290 2947 2152
291 2947 2152
292 2949 2152
293 2950 2152
294 2949 2152
295 2949 2152
296 2949 2152
297 2951 2152
298 2950 2152
299 2950 2152
300 2950 2152

S runs for 300 runs:
1 3373 3373
2 3585 3373
3 3430 3121
4 3426 3121
5 3372 3121
6 3341 3121
7 3339 3121
8 3320 3121
9 3317 3121
10 3358 3121
11 3367 3121
12 3331 2933
13 3321 2933
14 3314 2933
15 3306 2933
16 3298 2933
17 3321 2933
18 3319 2933
19 3319 2933
20 3331 2933
21 3323 2933
22 3325 2933
23 3321 2933
24 3323 2933
25 3326 2933
26 3313 2933
27 3305 2933
28 3302 2933
29 3299 2933
30 3316 2933
31 3316 2933
32 3313 2933
33 3320 2933
34 3318 2933
35 3325 2933
36 3321 2933
37 3326 2933
38 3322 2933
39 3317 2933
40 3318 2933
41 3307 2893
42 3309 2893
43 3312 2893
44 3308 2893
45 3306 2893
46 3301 2893
47 3305 2893
48 3308 2893
49 3312 2893
50 3319 2893
51 3319 2893
52 3317 2893
53 3327 2893
54 3320 2893
55 3328 2893
56 3323 2893
57 3323 2893
58 3322 2893
59 3321 2893
60 3324 2893
61 3330 2893
62 3326 2893
63 3326 2893
64 3330 2893
65 3326 2893
66 3320 2893
67 3325 2893
68 3328 2893
69 3332 2893
70 3327 2893
71 3325 2893
72 3324 2893
73 3321 2893
74 3320 2893
75 3323 2893
76 3318 2893
77 3319 2893
78 3318 2893
79 3313 2893
80 3314 2893
81 3309 2893
82 3307 2893
83 3306 2893
84 3310 2893
85 3310 2893
86 3308 2893
87 3307 2893
88 3307 2893
89 3312 2893
90 3310 2893
91 3307 2893
92 3308 2893
93 3313 2893
94 3313 2893
95 3310 2893
96 3311 2893
97 3310 2893
98 3313 2893
99 3313 2893
100 3315 2893
101 3313 2893
102 3315 2893
103 3320 2893
104 3320 2893
105 3318 2893
106 3318 2893
107 3317 2893
108 3320 2893
109 3320 2893
110 3322 2893
111 3325 2893
112 3323 2893
113 3322 2893
114 3323 2893
115 3326 2893
116 3329 2893
117 3324 2709
118 3327 2709
119 3324 2709
120 3326 2709
121 3324 2709
122 3323 2709
123 3320 2709
124 3316 2709
125 3319 2709
126 3320 2709
127 3323 2709
128 3319 2709
129 3320 2709
130 3316 2709
131 3319 2709
132 3317 2709
133 3318 2709
134 3317 2709
135 3314 2709
136 3312 2709
137 3310 2709
138 3312 2709
139 3310 2709
140 3308 2709
141 3310 2709
142 3309 2709
143 3307 2709
144 3306 2709
145 3307 2709
146 3307 2709
147 3310 2709
148 3305 2685
149 3309 2685
150 3306 2685
151 3306 2685
152 3306 2685
153 3307 2685
154 3308 2685
155 3310 2685
156 3311 2685
157 3312 2685
158 3313 2685
159 3314 2685
160 3317 2685
161 3322 2685
162 3319 2685
163 3320 2685
164 3321 2685
165 3322 2685
166 3319 2685
167 3317 2685
168 3314 2685
169 3315 2685
170 3314 2685
171 3315 2685
172 3316 2685
173 3313 2685
174 3312 2685
175 3313 2685
176 3313 2685
177 3311 2685
178 3312 2685
179 3314 2685
180 3311 2685
181 3312 2685
182 3312 2685
183 3313 2685
184 3311 2685
185 3311 2685
186 3311 2685
187 3307 2550
188 3307 2550
189 3305 2550
190 3307 2550
191 3306 2550
192 3306 2550
193 3305 2550
194 3304 2550
195 3305 2550
196 3305 2550
197 3305 2550
198 3307 2550
199 3306 2550
200 3307 2550
201 3305 2550
202 3305 2550
203 3306 2550
204 3305 2550
205 3306 2550
206 3305 2550
207 3306 2550
208 3308 2550
209 3306 2550
210 3305 2550
211 3305 2550
212 3305 2550
213 3304 2550
214 3303 2550
215 3299 2550
216 3299 2550
217 3298 2550
218 3299 2550
219 3300 2550
220 3299 2550
221 3301 2550
222 3300 2550
223 3303 2550
224 3305 2550
225 3306 2550
226 3304 2550
227 3307 2550
228 3306 2550
229 3306 2550
230 3306 2550
231 3305 2550
232 3305 2550
233 3305 2550
234 3303 2550
235 3302 2550
236 3303 2550
237 3306 2550
238 3305 2550
239 3306 2550
240 3306 2550
241 3305 2550
242 3305 2550
243 3307 2550
244 3308 2550
245 3307 2550
246 3306 2550
247 3306 2550
248 3307 2550
249 3308 2550
250 3310 2550
251 3309 2550
252 3308 2550
253 3308 2550
254 3308 2550
255 3310 2550
256 3311 2550
257 3309 2550
258 3307 2550
259 3308 2550
260 3307 2550
261 3306 2550
262 3306 2550
263 3306 2550
264 3308 2550
265 3308 2550
266 3307 2550
267 3307 2550
268 3308 2550
269 3308 2550
270 3309 2550
271 3309 2550
272 3312 2550
273 3311 2550
274 3312 2550
275 3313 2550
276 3313 2550
277 3313 2550
278 3314 2550
279 3313 2550
280 3313 2550
281 3313 2550
282 3312 2550
283 3311 2550
284 3311 2550
285 3309 2550
286 3308 2550
287 3307 2550
288 3309 2550
289 3308 2550
290 3307 2550
291 3307 2550
292 3307 2550
293 3307 2550
294 3305 2550
295 3305 2550
296 3306 2550
297 3305 2550
298 3305 2550
299 3304 2550
300 3303 2550

