Problem ATSP/ftv38.atsp:
R runs for 50 runs:
5676 32 0 3 1 13 26 14 11 25 8 29 23 28 18 24 17 27 33 35 37 15 19 21 36 30 12 38 5 31 16 6 9 4 22 2 10 34 20 7 
5567 27 10 34 2 6 12 17 23 14 31 18 24 15 26 13 9 19 8 32 30 5 35 29 38 22 3 1 25 20 28 16 7 4 0 21 37 36 33 11 
5258 32 1 27 7 35 2 9 34 13 25 21 37 29 33 18 10 23 11 38 26 19 17 20 6 8 30 24 12 15 5 14 22 16 4 36 0 31 28 3 
4631 25 35 27 20 5 4 15 9 36 10 8 6 7 37 3 31 16 17 30 14 24 34 29 1 13 19 2 23 28 21 12 18 26 11 38 0 22 33 32 
5599 4 1 37 15 21 5 2 7 3 22 32 9 11 26 38 16 31 17 36 29 35 18 10 28 24 30 19 33 8 27 34 12 0 25 6 23 13 14 20 
5544 37 16 27 19 4 3 36 1 7 17 21 10 25 34 11 35 9 13 15 14 32 0 20 33 28 29 2 31 12 26 8 23 30 6 18 22 24 38 5 
4678 35 26 15 34 33 32 17 27 21 9 22 24 16 7 5 3 4 29 25 36 2 11 20 37 14 12 13 6 0 18 10 8 23 31 19 38 30 28 1 
5098 11 5 16 9 20 1 35 12 29 27 24 38 26 21 10 34 14 32 2 19 6 0 7 36 13 31 18 22 17 15 8 4 3 33 28 25 23 37 30 
5364 15 22 36 5 10 25 2 37 23 9 18 32 6 4 33 17 35 19 20 38 12 13 1 26 16 30 8 3 34 29 11 28 31 0 24 27 21 14 7 
5305 35 9 2 14 29 31 22 6 5 18 26 27 38 19 32 21 4 33 10 16 25 17 1 7 30 36 37 15 34 3 8 20 24 11 28 12 13 0 23 
5254 27 33 21 0 10 23 1 12 3 34 28 15 22 20 35 31 13 26 16 19 9 29 32 30 17 18 8 24 11 38 36 2 4 6 7 37 5 25 14 
4842 29 19 8 16 14 3 23 35 1 5 22 30 10 21 11 4 37 36 32 24 31 17 2 25 28 13 0 33 38 7 12 15 9 6 27 20 18 26 34 
4769 37 10 1 17 25 20 22 33 21 15 19 4 30 5 0 24 28 32 35 6 34 31 16 3 26 23 18 29 13 9 11 12 8 27 14 36 38 7 2 
4923 22 21 28 31 4 34 14 1 15 18 37 23 11 3 9 7 5 36 26 16 13 17 10 2 19 38 6 27 0 12 8 24 33 25 29 32 35 30 20 
5106 14 17 19 11 9 38 8 6 16 22 0 13 5 31 32 2 25 35 7 21 4 34 36 24 20 27 1 28 37 30 23 12 33 15 26 10 29 3 18 
5360 17 36 7 4 31 5 16 9 27 26 25 2 29 0 33 21 6 11 34 23 28 35 37 18 38 10 22 14 8 12 20 30 3 32 1 13 15 24 19 
5124 25 16 6 15 19 31 0 10 32 18 22 33 3 20 11 38 36 14 4 27 13 34 7 8 12 29 17 1 24 23 9 37 5 28 2 21 26 35 30 
4681 9 8 36 20 23 7 30 35 15 32 1 34 11 17 16 37 5 28 25 24 13 6 29 18 27 0 21 31 10 14 19 2 4 33 26 22 3 38 12 
4878 27 33 22 37 31 13 36 25 8 5 7 1 10 12 38 15 0 17 9 23 30 28 14 29 24 3 16 11 32 19 35 18 4 20 6 21 26 34 2 
4924 4 36 13 37 29 27 15 31 23 26 32 21 9 25 35 33 30 22 2 11 19 20 12 5 17 7 24 0 1 18 14 16 10 38 3 28 6 8 34 
5193 3 24 17 13 20 27 33 34 19 31 15 5 22 12 7 32 14 1 25 8 4 11 2 29 26 16 37 30 18 21 9 6 28 23 0 10 36 35 38 
4912 21 20 19 12 10 5 32 23 4 24 17 35 8 9 13 0 27 26 22 38 7 3 34 1 18 33 14 36 29 15 30 31 25 2 37 16 6 11 28 
5230 5 34 25 29 0 4 19 6 9 31 23 38 17 12 13 11 22 3 27 28 1 26 32 35 30 36 2 15 37 20 14 18 33 10 21 7 16 8 24 
5042 16 30 21 18 6 33 36 17 8 0 5 14 32 38 28 20 12 25 24 15 35 37 3 27 29 26 7 10 2 4 1 22 23 34 9 19 31 13 11 
4995 0 36 22 1 6 8 37 4 16 35 13 3 2 20 27 38 9 21 7 32 15 14 31 5 29 28 23 30 33 24 12 10 19 17 25 26 18 34 11 
4866 16 14 32 26 30 34 10 12 5 1 7 19 25 35 27 15 13 31 6 9 37 17 21 36 11 23 22 29 28 24 38 18 0 2 8 33 3 4 20 
5225 18 32 37 23 25 20 8 13 22 16 7 26 33 38 4 36 14 2 5 34 17 1 6 24 27 11 3 35 0 31 15 21 30 9 19 28 10 29 12 
4855 29 1 33 31 13 14 21 4 8 18 22 26 23 12 15 5 11 25 7 17 36 27 32 0 16 6 24 38 2 9 3 37 10 35 19 28 34 20 30 
5080 29 38 8 23 26 37 31 2 12 19 13 10 36 15 22 34 28 20 17 1 6 18 14 32 16 30 33 7 27 5 4 35 3 25 9 0 11 21 24 
5294 19 12 32 23 4 14 33 28 25 16 6 36 3 37 8 35 29 20 30 22 11 2 0 21 17 5 38 24 26 34 1 10 15 27 31 7 13 9 18 
5173 7 24 31 11 37 16 27 30 4 36 28 17 0 33 5 18 6 3 19 12 34 15 32 25 22 21 26 29 10 35 1 38 8 9 14 20 2 13 23 
5640 16 18 23 7 26 38 22 2 19 36 20 4 13 9 30 5 28 32 33 37 24 15 3 29 35 10 34 25 0 1 21 12 14 31 8 6 11 27 17 
5452 18 36 3 37 28 29 26 16 7 33 19 1 38 5 17 24 9 27 32 31 8 11 22 35 30 14 25 13 4 15 10 2 6 12 34 20 0 21 23 
5157 18 26 23 30 2 36 29 9 11 0 3 15 33 19 5 10 17 7 4 13 1 14 28 16 27 25 6 20 34 8 31 32 24 21 12 37 35 22 38 
5128 30 31 5 21 25 38 24 27 0 18 7 9 11 19 13 16 15 6 3 28 29 20 37 4 36 17 14 35 10 2 23 34 22 1 12 26 33 32 8 
5194 10 2 1 5 17 6 26 19 34 8 37 18 30 36 22 3 12 38 4 16 23 13 0 32 9 33 28 20 25 7 29 27 15 11 31 24 21 14 35 
5231 13 12 21 5 31 1 27 28 9 8 32 37 34 19 2 24 36 16 30 10 0 26 38 22 20 17 15 3 6 29 7 33 25 4 14 35 11 18 23 
5094 17 2 36 21 8 14 16 5 9 22 10 30 7 20 1 27 13 29 23 18 6 11 0 34 35 3 33 38 37 26 19 31 24 32 12 25 28 4 15 
5219 35 25 9 31 0 30 5 34 19 38 4 24 16 23 33 1 11 13 14 20 10 21 18 36 15 37 26 7 8 12 22 2 3 32 28 27 6 17 29 
5026 38 16 18 20 8 31 36 7 23 12 15 5 0 27 32 1 3 30 9 22 24 29 28 25 14 19 11 37 13 17 33 2 34 21 35 26 10 4 6 
5240 37 16 0 14 38 15 33 24 1 35 23 6 26 29 19 25 4 8 27 18 13 7 21 31 9 12 20 36 10 28 22 5 11 2 34 17 3 32 30 
5129 25 11 12 26 31 22 20 15 7 18 0 13 35 30 5 29 14 4 24 8 17 1 23 37 36 10 19 27 16 28 32 21 3 2 9 38 6 33 34 
5281 31 14 35 1 29 21 3 0 27 4 17 2 13 24 28 8 23 22 26 33 12 25 9 30 6 5 16 20 10 36 34 18 7 19 15 11 38 37 32 
5457 30 23 12 29 15 17 7 34 16 9 2 36 25 0 38 22 33 19 6 13 14 18 32 26 21 1 37 28 35 5 11 27 8 24 20 31 10 3 4 
4965 4 8 1 33 28 12 10 14 6 29 2 38 0 20 35 25 13 36 31 18 22 30 5 16 32 24 11 19 21 3 34 7 27 23 17 37 9 15 26 
5047 27 34 33 13 37 16 23 18 4 14 15 10 22 31 30 26 1 29 8 11 38 20 5 25 35 0 32 21 24 28 3 7 9 17 2 36 6 12 19 
5447 27 31 6 24 4 11 38 10 37 23 35 26 17 2 16 32 0 3 34 7 18 29 13 5 28 14 25 21 9 36 1 15 22 33 30 20 12 8 19 
4894 31 19 11 9 33 29 16 10 37 18 5 12 35 2 13 4 7 8 38 0 30 14 25 6 27 22 20 36 26 21 28 32 24 15 23 1 3 17 34 
5006 36 25 11 22 8 37 7 3 9 31 14 18 5 28 24 23 16 4 35 1 6 33 2 10 26 29 21 27 12 38 15 20 19 17 0 32 34 13 30 
4833 12 35 10 7 14 15 27 37 13 25 6 4 11 19 18 0 26 1 3 33 28 5 16 20 36 34 29 30 21 24 23 22 8 2 17 31 9 38 32 

RW runs for 50 runs:
5340 24 19 3 8 18 29 23 1 5 14 21 9 0 27 6 20 26 7 2 28 11 37 4 16 22 12 38 15 31 33 35 36 10 32 34 13 25 17 30 
5227 24 19 4 8 18 29 23 1 5 14 21 9 0 27 6 20 26 7 2 28 11 37 3 16 22 12 38 15 31 33 35 36 10 32 34 13 25 17 30 
5373 24 19 4 8 18 9 23 1 5 14 21 29 0 27 6 20 26 7 2 28 11 37 3 16 22 12 38 15 31 33 35 36 10 32 34 13 25 17 30 
5370 24 19 4 8 18 9 23 1 5 14 21 29 0 27 6 20 26 7 2 28 11 37 3 16 36 12 38 15 31 33 35 22 10 32 34 13 25 17 30 
5209 24 19 4 8 18 21 23 1 5 14 9 29 0 27 6 20 26 7 2 28 11 37 3 16 36 12 38 15 31 33 35 22 10 32 34 13 25 17 30 
5136 24 19 4 8 18 21 23 1 5 14 9 29 0 27 6 20 26 7 2 28 11 37 3 16 36 12 38 15 31 33 17 22 10 32 34 13 25 35 30 
5293 9 19 4 8 18 21 23 1 5 14 24 29 0 27 6 20 26 7 2 28 11 37 3 16 36 12 38 15 31 33 17 22 10 32 34 13 25 35 30 
5082 9 19 4 8 24 21 23 1 5 14 18 29 0 27 6 20 26 7 2 28 11 37 3 16 36 12 38 15 31 33 17 22 10 32 34 13 25 35 30 
5110 9 19 4 8 24 21 23 1 5 14 3 29 0 27 6 20 26 7 2 28 11 37 18 16 36 12 38 15 31 33 17 22 10 32 34 13 25 35 30 
5236 9 19 4 8 24 21 23 1 5 31 3 29 0 27 6 20 26 7 2 28 11 37 18 16 36 12 38 15 14 33 17 22 10 32 34 13 25 35 30 
5251 9 19 4 8 24 21 23 1 5 31 3 29 0 27 6 2 26 7 20 28 11 37 18 16 36 12 38 15 14 33 17 22 10 32 34 13 25 35 30 
5211 9 19 13 8 24 21 23 1 5 31 3 29 0 27 6 2 26 7 20 28 11 37 18 16 36 12 38 15 14 33 17 22 10 32 34 4 25 35 30 
5263 9 19 13 8 24 21 23 1 0 31 3 29 5 27 6 2 26 7 20 28 11 37 18 16 36 12 38 15 14 33 17 22 10 32 34 4 25 35 30 
5401 9 19 13 8 29 21 23 1 0 31 3 24 5 27 6 2 26 7 20 28 11 37 18 16 36 12 38 15 14 33 17 22 10 32 34 4 25 35 30 
5463 9 19 8 13 29 21 23 1 0 31 3 24 5 27 6 2 26 7 20 28 11 37 18 16 36 12 38 15 14 33 17 22 10 32 34 4 25 35 30 
5494 9 19 8 13 29 10 23 1 0 31 3 24 5 27 6 2 26 7 20 28 11 37 18 16 36 12 38 15 14 33 17 22 21 32 34 4 25 35 30 
5494 9 19 8 13 29 10 23 1 0 31 3 26 5 27 6 2 24 7 20 28 11 37 18 16 36 12 38 15 14 33 17 22 21 32 34 4 25 35 30 
5484 9 19 8 13 29 10 23 1 0 31 3 26 5 27 6 2 24 7 25 28 11 37 18 16 36 12 38 15 14 33 17 22 21 32 34 4 20 35 30 
5395 9 19 8 13 29 10 23 1 0 31 3 21 5 27 6 2 24 7 25 28 11 37 18 16 36 12 38 15 14 33 17 22 26 32 34 4 20 35 30 
5157 9 19 8 13 29 10 17 1 0 31 3 21 5 27 6 2 24 7 25 28 11 37 18 16 36 12 38 15 14 33 23 22 26 32 34 4 20 35 30 
5000 9 19 8 13 29 10 17 1 0 31 3 6 5 27 21 2 24 7 25 28 11 37 18 16 36 12 38 15 14 33 23 22 26 32 34 4 20 35 30 
4995 9 19 8 13 29 10 17 1 0 31 3 6 5 27 21 2 24 7 25 28 11 20 18 16 36 12 38 15 14 33 23 22 26 32 34 4 37 35 30 
4916 9 19 8 13 29 10 17 1 0 31 3 6 5 27 21 2 24 7 16 28 11 20 18 25 36 12 38 15 14 33 23 22 26 32 34 4 37 35 30 
5056 9 19 8 13 29 10 17 1 0 31 3 6 5 27 21 2 24 32 16 28 11 20 18 25 36 12 38 15 14 33 23 22 26 7 34 4 37 35 30 
4964 9 19 8 13 29 10 17 1 2 31 3 6 5 27 21 0 24 32 16 28 11 20 18 25 36 12 38 15 14 33 23 22 26 7 34 4 37 35 30 
5008 9 19 8 13 29 10 17 1 2 31 3 6 5 27 0 21 24 32 16 28 11 20 18 25 36 12 38 15 14 33 23 22 26 7 34 4 37 35 30 
4686 9 19 8 0 29 10 17 1 2 31 3 6 5 27 13 21 24 32 16 28 11 20 18 25 36 12 38 15 14 33 23 22 26 7 34 4 37 35 30 
4848 9 19 8 0 29 10 17 1 2 31 3 6 12 27 13 21 24 32 16 28 11 20 18 25 36 5 38 15 14 33 23 22 26 7 34 4 37 35 30 
4848 9 19 8 14 29 10 17 1 2 31 3 6 12 27 13 21 24 32 16 28 11 20 18 25 36 5 38 15 0 33 23 22 26 7 34 4 37 35 30 
4921 9 19 8 14 29 10 17 1 2 31 3 6 12 27 13 21 24 32 16 28 11 20 18 25 36 5 38 15 0 33 23 22 4 7 34 26 37 35 30 
4997 9 19 8 14 29 10 35 1 2 31 3 6 12 27 13 21 24 32 16 28 11 20 18 25 36 5 38 15 0 33 23 22 4 7 34 26 37 17 30 
5113 9 19 8 14 29 10 35 37 2 31 3 6 12 27 13 21 24 32 16 28 11 20 18 25 36 5 38 15 0 33 23 22 4 7 34 26 1 17 30 
5156 9 19 8 14 29 10 35 37 2 31 3 6 12 27 13 21 36 32 16 28 11 20 18 25 24 5 38 15 0 33 23 22 4 7 34 26 1 17 30 
5154 9 19 8 14 29 10 35 37 2 31 3 6 12 27 13 21 36 32 16 28 11 20 18 25 24 5 38 15 0 33 23 22 34 7 4 26 1 17 30 
5025 9 19 8 14 29 10 35 37 2 31 32 6 12 27 13 21 36 3 16 28 11 20 18 25 24 5 38 15 0 33 23 22 34 7 4 26 1 17 30 
4909 9 19 8 14 29 10 35 37 2 31 32 6 11 27 13 21 36 3 16 28 12 20 18 25 24 5 38 15 0 33 23 22 34 7 4 26 1 17 30 
4869 9 19 8 14 29 11 35 37 2 31 32 6 10 27 13 21 36 3 16 28 12 20 18 25 24 5 38 15 0 33 23 22 34 7 4 26 1 17 30 
4830 9 19 8 14 29 11 35 37 32 31 2 6 10 27 13 21 36 3 16 28 12 20 18 25 24 5 38 15 0 33 23 22 34 7 4 26 1 17 30 
5015 9 19 8 14 34 11 35 37 32 31 2 6 10 27 13 21 36 3 16 28 12 20 18 25 24 5 38 15 0 33 23 22 29 7 4 26 1 17 30 
5270 9 19 21 14 34 11 35 37 32 31 2 6 10 27 13 8 36 3 16 28 12 20 18 25 24 5 38 15 0 33 23 22 29 7 4 26 1 17 30 
5309 9 19 21 14 34 11 35 37 33 31 2 6 10 27 13 8 36 3 16 28 12 20 18 25 24 5 38 15 0 32 23 22 29 7 4 26 1 17 30 
5372 9 19 21 14 34 11 35 37 33 31 2 13 10 27 6 8 36 3 16 28 12 20 18 25 24 5 38 15 0 32 23 22 29 7 4 26 1 17 30 
5300 9 19 21 14 34 11 35 37 33 31 2 13 10 27 30 8 36 3 16 28 12 20 18 25 24 5 38 15 0 32 23 22 29 7 4 26 1 17 6 
5264 9 19 21 14 34 11 35 37 33 31 2 13 10 27 30 5 36 3 16 28 12 20 18 25 24 8 38 15 0 32 23 22 29 7 4 26 1 17 6 
5364 9 19 21 14 34 11 35 37 33 31 2 13 10 38 30 5 36 3 16 28 12 20 18 25 24 8 27 15 0 32 23 22 29 7 4 26 1 17 6 
5309 9 19 21 14 34 11 35 37 33 31 22 13 10 38 30 5 36 3 16 28 12 20 18 25 24 8 27 15 0 32 23 2 29 7 4 26 1 17 6 
5440 9 19 21 14 34 11 35 37 33 16 22 13 10 38 30 5 36 3 31 28 12 20 18 25 24 8 27 15 0 32 23 2 29 7 4 26 1 17 6 
5360 9 19 21 14 34 11 35 0 33 16 22 13 10 38 30 5 36 3 31 28 12 20 18 25 24 8 27 15 37 32 23 2 29 7 4 26 1 17 6 
5423 9 19 21 14 34 11 35 0 33 16 22 13 10 38 30 5 36 3 31 12 28 20 18 25 24 8 27 15 37 32 23 2 29 7 4 26 1 17 6 
5449 9 19 21 14 34 11 35 0 33 16 22 13 10 38 30 5 36 3 31 20 28 12 18 25 24 8 27 15 37 32 23 2 29 7 4 26 1 17 6 

H runs for 50 runs:
2823 34 35 33 28 22 23 26 30 25 31 32 1 38 2 4 8 37 11 16 15 5 7 9 0 29 19 17 18 3 12 13 21 20 36 24 14 6 27 10 
2719 5 7 6 4 2 0 19 17 14 11 16 15 9 10 37 1 29 27 20 21 13 36 22 24 26 30 31 33 28 23 32 34 3 35 8 12 25 18 38 
2978 6 7 5 37 9 11 14 15 10 8 16 0 29 1 2 3 18 28 22 21 13 20 36 26 27 24 30 31 33 23 34 35 38 19 12 4 32 25 17 
3090 22 23 25 26 28 30 31 33 38 2 4 35 29 0 1 3 19 17 14 15 7 8 37 11 12 9 16 27 21 13 36 20 10 18 5 34 32 24 6 
2643 32 34 35 4 7 5 9 37 8 16 0 1 2 38 3 29 19 17 28 20 13 10 11 12 14 15 18 27 22 23 24 25 26 31 33 36 21 30 6 
2647 21 20 22 24 25 31 33 30 23 26 27 28 11 16 0 29 18 19 17 15 8 37 5 6 4 2 3 14 9 7 12 13 10 35 34 32 1 38 36 
2789 11 9 37 10 12 16 0 29 28 22 21 20 13 24 23 27 25 26 31 32 30 33 19 1 3 18 17 38 35 5 8 14 7 6 15 4 2 36 34 
3279 26 27 20 13 12 37 8 5 9 11 14 16 0 19 17 1 38 3 15 10 29 30 23 28 24 25 32 34 2 35 33 18 21 22 7 31 4 36 6 
2788 0 16 14 15 7 6 5 37 8 11 17 18 1 2 38 35 33 30 26 23 25 31 34 3 29 19 27 22 20 13 12 10 28 21 24 9 36 4 32 
2796 36 21 22 23 24 25 31 32 33 28 20 12 37 9 11 16 14 15 5 8 10 19 18 0 29 1 38 35 2 17 3 4 30 34 26 7 13 6 27 
3139 25 24 22 23 30 31 33 28 26 20 11 37 9 8 16 0 19 17 18 1 2 5 14 15 6 7 10 29 38 35 3 4 12 36 27 21 32 13 34 
2441 16 14 17 19 18 29 1 3 0 15 7 8 9 10 11 5 6 2 38 35 4 33 30 26 28 20 22 21 23 24 27 25 31 34 32 12 13 36 37 
2860 30 33 29 1 2 0 18 14 11 9 37 5 7 8 10 16 17 15 12 21 23 24 26 27 20 13 22 25 32 31 38 4 6 3 35 28 34 19 36 
2597 38 2 4 7 8 9 11 37 10 12 14 16 15 0 19 18 29 1 3 35 33 28 27 20 13 21 36 23 26 22 24 30 25 32 31 5 6 34 17 
2890 9 37 11 15 7 6 5 16 17 14 19 18 1 3 29 28 22 21 23 25 24 36 26 30 33 27 20 12 13 8 0 2 35 32 38 31 10 34 4 
3003 27 22 23 24 26 20 13 12 37 10 11 16 15 7 5 8 0 1 38 2 3 19 18 14 17 29 28 25 30 31 33 35 34 32 9 6 21 4 36 
2878 18 17 19 0 1 2 5 6 4 7 9 10 12 37 11 14 16 28 22 21 20 13 8 15 27 24 26 30 31 33 29 3 23 34 35 25 36 32 38 
2790 31 33 28 27 20 21 13 36 23 24 25 26 22 30 29 1 38 35 5 8 9 11 16 14 15 37 10 17 19 3 18 12 6 4 7 32 2 34 0 
2750 38 2 0 16 14 11 9 37 10 8 15 5 6 35 4 33 28 27 23 24 25 30 26 20 22 13 12 21 19 18 1 3 29 17 7 34 36 31 32 
3072 26 27 20 22 36 24 23 28 21 11 16 14 15 5 8 37 9 10 0 1 3 38 4 35 30 31 33 29 17 2 7 19 12 18 34 32 13 6 25 
2379 10 9 11 16 0 1 2 3 15 5 6 4 7 35 38 33 30 27 20 22 36 24 23 26 25 28 31 32 34 29 19 18 14 37 8 12 13 21 17 
2900 15 5 8 37 11 16 17 19 1 2 3 38 0 14 29 28 27 22 21 20 13 12 18 30 33 31 25 24 36 26 32 23 35 7 4 10 34 6 9 
3010 37 8 5 9 10 11 16 0 1 3 15 6 35 4 38 30 31 25 27 22 21 13 20 14 18 17 28 23 36 12 19 29 26 33 2 7 24 34 32 
2343 12 11 9 37 5 6 7 35 4 2 15 14 16 17 0 1 3 19 18 29 30 26 28 27 20 21 13 36 22 24 25 32 33 23 31 34 38 10 8 
2569 23 24 25 27 30 33 26 22 20 13 36 21 12 9 8 5 7 11 16 0 1 38 35 4 2 15 6 3 19 18 17 28 34 31 14 37 10 32 29 
2888 35 38 4 7 5 6 8 9 11 37 14 16 17 0 19 29 28 27 20 13 12 10 18 1 3 15 30 33 23 25 31 34 2 26 22 24 21 32 36 
2553 27 22 23 25 26 30 33 1 38 2 0 29 19 17 16 14 11 37 10 12 15 8 5 7 9 6 4 3 35 32 34 18 13 20 21 36 31 28 24 
2736 17 14 16 0 19 1 2 5 6 4 7 37 10 11 9 12 15 8 29 27 22 23 26 24 36 20 21 13 18 30 25 31 33 28 38 32 3 35 34 
2471 22 23 24 25 26 27 28 30 31 32 34 35 4 2 3 15 8 11 16 17 19 1 29 18 14 37 5 9 10 12 21 36 13 20 0 38 33 6 7 
3066 23 24 25 27 30 33 28 26 31 29 0 19 18 17 1 2 3 16 15 7 8 11 9 5 37 14 38 4 10 21 13 36 12 6 34 22 20 32 35 
2629 30 33 29 27 23 26 28 22 36 24 20 13 21 37 9 8 5 7 6 2 3 0 19 18 17 1 4 38 35 15 16 12 11 14 31 32 25 10 34 
2734 13 12 37 8 11 14 17 18 19 29 27 20 9 5 7 35 33 26 30 25 23 28 22 21 36 24 31 34 38 2 3 16 15 0 4 6 10 32 1 
2792 27 20 21 22 23 26 28 24 25 32 33 1 2 3 16 14 11 9 37 10 8 7 4 35 38 0 29 30 34 5 12 17 15 6 19 18 36 13 31 
2547 4 5 6 7 9 10 11 37 8 14 17 18 0 1 38 3 15 16 19 29 27 20 21 13 36 23 24 26 22 25 31 32 30 33 28 35 12 2 34 
2627 19 17 14 16 15 8 9 10 12 13 20 22 21 23 24 36 26 28 25 31 32 34 38 35 4 2 0 1 33 27 11 18 29 30 37 5 3 7 6 
2769 16 0 1 3 19 29 30 33 26 23 27 20 13 12 9 8 37 10 15 7 5 6 35 38 18 28 24 22 36 21 25 34 31 17 2 11 4 32 14 
2668 9 8 5 37 11 16 0 29 1 2 15 7 4 35 33 30 31 34 28 27 23 25 26 20 22 36 24 13 12 10 14 17 18 19 3 6 32 38 21 
2767 37 8 9 10 16 0 29 28 27 23 24 22 20 13 36 21 12 11 17 19 14 1 38 3 2 4 35 5 7 18 30 31 32 33 34 26 6 15 25 
2817 12 37 8 11 14 16 15 5 9 10 0 1 2 3 19 18 17 27 20 21 22 24 26 30 31 32 34 38 33 23 36 25 13 28 4 7 35 6 29 
2645 18 19 17 16 15 8 11 9 37 10 0 1 3 2 4 5 14 28 27 22 21 23 24 25 31 34 33 26 30 38 29 12 20 13 36 7 35 6 32 
3016 21 22 23 24 26 27 20 11 9 37 5 6 4 35 38 0 16 15 14 19 17 18 1 3 29 33 31 25 30 28 36 8 10 7 2 34 12 32 13 
2974 12 11 9 10 16 14 17 18 19 29 1 38 3 0 15 7 8 37 28 22 21 23 25 26 27 20 5 4 6 33 30 32 35 31 24 13 34 2 36 
2762 4 2 5 6 35 38 33 29 28 27 22 20 21 23 24 26 31 25 32 34 30 19 0 16 15 9 10 12 37 11 8 14 1 3 18 17 13 7 36 
2350 36 20 21 22 24 25 26 23 28 27 33 1 38 3 0 16 11 9 8 37 10 14 18 19 29 30 32 31 34 2 4 5 15 7 35 6 12 17 13 
2647 19 17 18 0 29 1 3 16 14 37 10 9 8 5 11 28 22 20 13 12 36 24 25 27 26 33 30 31 32 34 2 4 7 15 6 38 21 23 35 
2559 5 6 8 37 10 12 11 9 15 7 35 4 2 3 1 29 27 20 21 23 25 24 36 22 26 30 31 34 33 38 19 17 18 14 16 28 13 32 0 
2934 18 14 16 11 37 8 9 10 12 13 36 22 23 25 24 20 0 29 28 26 33 30 27 34 2 4 5 6 3 38 1 35 15 7 17 31 19 32 21 
2955 26 30 31 32 29 28 27 20 22 23 25 36 21 24 13 10 12 9 8 11 37 5 16 14 15 0 1 3 18 38 4 2 19 35 33 7 17 34 6 
2786 4 35 2 5 7 8 9 11 37 16 15 10 14 18 19 0 29 1 3 17 30 26 28 22 21 20 23 27 25 32 33 34 24 36 13 12 6 38 31 
2526 17 18 19 29 1 2 0 16 14 37 8 11 9 10 15 6 5 4 3 38 35 33 28 20 21 23 24 22 25 31 32 34 27 30 26 36 7 12 13 

G runs for 50 runs:
2310 33 5 6 7 8 37 9 12 20 21 25 30 34 29 1 28 22 36 13 10 11 15 14 17 18 19 0 16 38 35 4 2 3 23 24 26 27 31 32 
2093 30 33 25 27 22 36 20 11 37 15 5 7 6 4 35 38 2 1 3 14 17 18 19 31 32 34 26 23 24 21 13 10 12 9 8 16 0 29 28 
2334 29 31 33 3 0 1 4 6 7 5 37 9 8 11 15 14 17 18 19 30 23 24 21 13 10 16 2 38 35 32 34 25 26 28 27 22 36 20 12 
2508 20 10 12 11 37 9 5 6 2 16 14 18 19 35 32 33 31 25 26 34 1 13 36 15 7 8 17 38 4 3 0 29 30 28 27 23 24 22 21 
2514 7 5 11 21 22 23 24 25 0 1 38 3 28 27 20 13 36 26 30 31 33 29 16 2 4 8 10 19 18 17 14 15 12 37 9 6 32 34 35 
2259 1 3 11 15 7 6 4 18 17 14 36 21 20 13 10 12 5 8 37 9 16 0 19 29 33 32 34 35 38 2 28 22 23 24 31 25 26 27 30 
1909 6 7 5 11 12 21 22 26 27 23 24 25 31 32 29 28 30 33 34 35 38 3 15 8 37 9 10 13 36 20 16 14 17 18 19 0 1 2 4 
1965 36 21 20 13 10 12 11 15 8 37 9 5 7 6 4 35 38 2 1 3 0 16 14 17 18 19 22 23 34 33 28 27 25 26 31 32 29 30 24 
2145 23 24 25 26 28 37 9 15 6 2 4 7 5 8 11 14 16 0 18 19 1 29 27 33 30 31 32 34 38 35 3 17 22 36 21 20 13 10 12 
2428 1 4 35 32 33 23 25 26 28 27 22 24 30 31 34 3 0 29 18 17 16 14 13 21 20 8 37 9 10 15 6 38 2 7 5 11 12 36 19 
2609 23 27 30 25 26 28 24 36 21 22 7 6 35 4 8 10 12 18 1 3 0 17 15 5 37 9 11 14 13 16 38 2 31 32 34 33 19 29 20 
2391 27 24 13 12 14 17 18 16 0 3 38 35 2 15 37 10 11 7 6 32 34 28 36 20 21 22 23 26 30 25 31 33 29 19 1 4 5 9 8 
2463 12 15 8 37 9 10 22 23 24 20 0 30 26 27 11 16 3 2 4 35 33 34 38 6 7 5 14 17 18 19 1 29 28 13 36 21 25 31 32 
2132 33 28 27 23 24 25 26 34 38 0 16 19 31 32 30 1 3 29 18 15 6 7 5 8 37 9 10 11 12 36 21 22 20 13 14 17 2 4 35 
2330 35 34 38 4 7 6 2 3 14 15 10 29 32 25 26 27 23 24 22 21 20 13 36 28 30 31 33 0 16 11 12 5 8 37 9 17 18 19 1 
2362 36 22 20 13 10 12 37 9 8 11 0 18 1 15 7 6 35 30 32 19 17 16 29 27 34 38 2 4 5 14 21 3 28 33 31 25 26 23 24 
2557 1 3 0 14 5 7 37 9 10 12 20 11 38 2 18 17 16 15 6 8 19 29 35 31 32 28 27 23 30 26 13 36 21 22 24 25 33 34 4 
2382 37 6 35 2 18 33 30 31 32 27 25 26 28 22 36 24 23 34 38 4 3 0 15 7 5 8 14 17 19 29 1 16 11 9 10 12 21 20 13 
2089 31 32 16 9 8 14 17 19 1 15 10 12 11 37 5 7 6 34 38 3 2 4 35 33 29 18 0 28 30 26 27 22 21 20 13 36 23 24 25 
1925 8 37 9 10 15 11 16 14 17 18 19 1 38 35 2 3 0 26 30 34 33 29 28 27 22 12 13 36 20 21 23 24 25 31 32 4 5 6 7 
2009 38 35 4 2 0 16 18 19 29 27 26 30 34 3 17 14 9 8 11 15 5 6 7 37 10 12 28 13 36 20 21 22 23 24 25 31 32 33 1 
2369 26 28 27 23 25 24 22 36 21 20 13 12 8 7 6 4 15 9 14 0 29 31 32 30 34 2 3 18 17 5 37 10 19 1 38 35 33 11 16 
2730 14 17 19 16 2 3 12 27 22 36 26 32 34 29 28 23 30 33 1 38 0 18 15 11 21 13 10 37 9 7 6 4 35 31 25 24 20 5 8 
1919 31 26 23 28 27 21 22 25 24 36 20 13 12 11 8 37 9 10 16 0 29 19 18 17 14 15 5 7 6 4 2 3 1 38 35 33 32 34 30 
2287 30 29 19 17 14 9 6 34 38 2 4 7 5 37 10 15 8 11 12 16 1 3 0 18 28 27 26 24 25 31 32 35 33 13 36 20 21 22 23 
2441 9 11 37 8 5 2 19 18 28 27 22 21 15 10 12 17 31 34 4 6 7 14 0 29 1 3 16 38 35 32 33 30 25 26 23 24 36 20 13 
1973 20 28 27 33 1 5 7 6 35 32 30 23 24 25 26 31 34 38 4 2 3 0 29 19 18 17 14 16 11 15 8 37 9 10 12 13 36 21 22 
2636 4 8 11 37 9 7 6 34 30 24 31 19 27 12 2 35 32 25 26 28 20 21 22 23 36 13 10 15 5 16 14 17 18 0 29 1 3 33 38 
2417 8 11 14 16 29 27 25 26 33 32 34 35 31 19 17 18 1 3 38 2 15 5 7 6 4 37 10 0 30 24 22 23 28 21 20 13 36 12 9 
2501 2 0 28 13 9 17 3 29 27 26 23 24 25 31 33 38 35 30 32 34 19 18 14 16 15 11 37 10 5 7 6 4 8 12 36 21 22 20 1 
1963 14 17 18 19 16 0 29 1 3 38 30 26 28 27 23 24 25 31 32 33 34 2 4 35 22 36 21 20 13 10 12 5 6 7 8 37 9 11 15 
2692 35 26 36 21 24 31 17 8 9 10 11 16 2 3 14 28 20 22 23 25 33 1 0 19 18 29 27 30 32 34 38 4 7 5 37 13 12 15 6 
2432 17 18 19 0 29 1 2 6 35 25 27 34 38 3 16 36 21 22 24 23 26 30 33 31 32 4 8 37 9 12 13 10 11 15 5 7 28 20 14 
2196 9 1 35 30 31 25 28 14 17 18 19 0 16 15 10 11 12 13 36 20 21 22 23 24 26 32 33 29 38 3 27 34 2 4 6 7 5 8 37 
2099 1 38 35 4 2 3 37 10 15 6 7 5 8 9 11 14 16 0 17 18 19 29 30 34 31 25 26 27 23 24 32 33 28 22 21 20 12 13 36 
2401 35 33 24 36 21 20 28 27 30 31 32 25 26 13 10 12 22 23 34 29 0 18 17 14 37 6 7 5 16 15 8 9 11 1 2 3 19 38 4 
2123 0 18 19 29 28 3 15 8 14 17 1 2 4 35 32 27 23 24 25 26 30 33 31 34 38 6 7 5 37 9 10 13 36 21 22 20 12 11 16 
2720 14 9 10 11 16 29 32 34 38 4 6 7 8 12 13 15 37 0 19 18 21 25 28 27 24 36 22 20 5 35 26 23 30 31 33 17 1 2 3 
1947 2 4 35 30 26 24 29 19 1 15 6 7 5 8 37 9 10 12 13 36 21 22 20 11 14 17 18 16 0 3 38 33 28 27 23 25 31 32 34 
2281 10 12 11 7 6 4 35 38 2 3 14 17 18 19 1 29 28 34 31 32 33 26 23 21 13 9 8 15 5 37 16 0 27 30 25 24 36 22 20 
1842 7 6 34 38 35 4 2 3 31 32 33 26 28 27 30 25 23 24 22 36 21 20 13 12 11 8 37 9 10 14 17 18 19 29 1 0 16 15 5 
1739 37 6 7 5 8 9 10 12 13 36 21 22 23 24 25 31 32 33 26 30 34 38 35 4 2 3 1 29 19 18 17 14 15 11 16 0 28 27 20 
1991 14 17 18 19 29 28 27 36 20 21 22 23 24 25 31 32 33 38 4 10 15 5 7 6 2 3 1 35 34 30 26 13 12 8 37 9 11 16 0 
1873 3 15 11 12 20 13 36 21 22 23 24 25 31 32 33 26 28 27 30 34 4 6 7 5 37 9 8 10 14 17 18 19 16 35 38 2 0 29 1 
1917 35 4 8 37 9 10 15 5 7 6 2 3 16 11 14 17 18 19 0 1 29 27 33 31 25 26 23 24 36 20 13 12 21 22 28 30 32 34 38 
2169 8 37 9 10 15 5 7 6 35 38 2 1 4 32 34 3 14 13 12 11 16 17 18 19 0 29 33 30 31 28 27 25 26 24 36 21 22 23 20 
2361 4 33 32 34 38 35 2 0 12 11 14 18 1 28 23 24 22 21 13 10 15 6 7 5 8 19 27 30 31 25 26 36 20 37 9 16 17 29 3 
2316 20 21 22 34 33 27 31 32 38 2 3 19 17 29 1 35 4 5 7 6 28 30 26 23 25 24 36 13 12 9 8 11 16 0 18 15 37 10 14 
1992 14 17 18 19 16 29 1 33 26 23 31 25 24 22 36 21 20 13 12 37 9 15 2 3 0 28 27 30 32 34 38 35 4 6 7 5 8 10 11 
2051 13 36 21 20 14 0 19 30 33 29 28 22 26 24 25 31 32 34 35 38 3 1 2 4 5 8 37 9 10 12 15 6 7 11 16 17 18 27 23 

S runs for 50 runs:
2745 10 15 5 7 34 2 16 0 29 18 13 9 28 27 31 25 26 22 20 12 3 38 4 35 32 19 17 11 37 8 6 14 1 33 30 23 24 36 21 
2588 1 33 26 28 30 34 3 0 18 2 4 6 7 5 37 9 31 32 25 27 21 20 13 10 11 16 17 19 29 35 38 15 12 23 24 36 22 8 14 
2258 7 20 13 10 15 17 1 2 3 0 26 28 22 23 24 36 21 12 11 8 37 9 16 14 18 19 29 27 33 25 31 32 30 34 38 35 4 5 6 
2603 1 3 0 15 11 37 9 8 7 6 4 38 2 16 14 18 29 28 23 24 36 20 21 26 33 30 31 25 27 13 12 5 17 35 32 34 19 22 10 
2110 17 18 19 28 1 3 15 6 7 9 11 14 0 29 16 37 10 12 13 36 21 24 25 31 32 34 38 2 4 35 33 30 26 23 27 22 20 8 5 
2366 3 19 18 15 7 37 12 13 10 14 16 0 35 34 33 30 26 27 24 36 21 20 29 28 22 23 25 31 32 1 17 11 9 6 4 5 8 38 2 
2256 15 8 37 9 12 21 22 25 30 26 28 27 24 36 13 10 17 18 29 33 31 32 34 38 3 23 20 11 16 0 19 1 35 4 5 7 6 2 14 
2261 11 16 18 1 33 30 26 23 24 25 31 32 34 35 38 3 5 9 14 17 27 22 36 20 15 6 4 2 0 19 29 28 21 13 10 12 37 7 8 
2509 15 37 12 11 16 18 19 29 22 23 24 25 28 27 30 33 4 6 7 5 10 14 1 38 35 32 17 9 8 0 26 20 13 36 21 31 34 2 3 
2757 19 31 25 26 30 33 27 20 12 0 29 38 4 7 5 9 10 21 22 23 24 32 34 35 16 37 8 11 17 18 1 2 3 28 36 15 6 14 13 
2777 35 4 11 19 1 30 32 0 28 27 22 13 9 5 7 3 18 29 26 23 24 36 20 21 25 31 33 8 10 12 37 14 16 34 38 2 17 15 6 
2333 35 3 17 28 13 12 11 8 37 9 15 5 7 6 2 14 18 19 33 29 27 23 24 25 26 22 36 21 20 10 16 0 38 4 34 30 31 32 1 
2779 2 19 18 16 14 21 20 15 9 10 13 24 23 25 30 34 38 4 33 26 28 22 36 12 31 32 3 5 7 8 11 17 0 1 29 27 37 6 35 
2321 13 36 21 24 27 30 33 3 28 20 22 23 25 26 31 32 29 0 19 18 17 7 5 8 37 10 11 14 16 1 38 2 4 6 35 34 15 9 12 
2727 34 4 2 0 33 26 36 21 22 13 10 5 6 3 18 16 15 11 12 20 37 9 7 35 29 28 23 24 25 31 32 30 17 1 38 8 14 19 27 
2115 7 8 11 16 0 14 17 18 19 1 3 28 27 20 21 13 10 37 9 15 5 6 4 30 33 29 12 36 22 23 24 25 26 31 32 34 35 38 2 
2291 35 38 2 3 0 33 26 23 25 31 32 34 27 22 36 13 15 14 18 19 1 28 30 24 21 20 12 8 37 9 10 11 16 17 29 5 7 6 4 
2409 0 28 13 24 23 25 31 32 33 38 19 16 15 5 6 7 8 37 9 10 12 17 18 2 3 29 34 30 26 36 21 20 11 1 4 35 27 22 14 
2629 27 13 21 22 23 25 26 24 36 33 30 34 35 4 6 5 9 10 14 17 19 38 0 1 29 31 32 3 28 20 2 15 7 8 37 11 12 16 18 
2198 0 19 1 38 30 32 34 35 4 5 9 8 12 36 11 16 14 17 18 29 27 22 26 23 24 25 31 33 28 20 21 13 10 37 15 7 6 2 3 
2463 25 26 31 34 30 29 1 3 4 6 35 32 33 20 21 11 8 16 0 28 12 15 7 5 37 9 10 38 2 14 17 18 19 27 22 13 36 23 24 
1791 6 4 2 3 29 1 33 30 26 23 24 25 31 34 38 35 32 28 27 13 36 21 22 20 12 11 16 0 19 18 17 14 15 37 10 9 8 5 7 
2307 12 9 6 7 11 14 17 19 1 34 29 28 23 25 24 36 20 21 26 30 31 32 33 35 38 2 3 4 5 8 15 37 16 0 18 27 22 13 10 
2455 17 15 7 9 16 3 19 27 21 25 26 32 34 38 2 4 1 28 20 22 23 24 36 13 10 12 11 14 18 37 8 5 6 35 33 30 31 29 0 
2578 18 19 30 31 36 21 20 16 0 29 2 5 8 10 1 22 24 25 32 33 26 28 27 23 34 35 4 15 7 6 38 3 37 9 13 12 11 14 17 
2110 24 25 31 32 33 29 19 3 15 5 6 7 9 8 14 11 37 10 13 36 21 22 23 28 20 12 16 17 18 0 38 2 4 35 34 1 27 30 26 
2820 15 7 33 23 25 27 20 21 22 24 30 34 17 1 28 26 36 10 11 0 38 2 4 5 6 35 14 13 12 31 32 29 3 19 18 16 37 9 8 
2277 18 1 33 26 27 21 22 23 24 25 31 32 34 38 35 7 5 37 16 0 19 29 30 28 13 36 20 10 14 6 4 2 3 15 8 9 12 11 17 
2237 19 17 16 11 8 37 10 13 36 21 22 28 27 23 25 31 32 34 35 29 0 18 14 12 9 15 5 7 6 38 33 30 26 24 20 1 4 2 3 
2290 18 19 28 1 2 3 0 29 17 11 9 8 5 7 6 35 38 32 33 30 34 4 37 10 14 15 12 13 36 21 31 25 26 27 23 24 22 20 16 
2418 1 15 11 37 9 8 5 7 10 0 19 21 20 13 36 23 25 26 31 32 4 6 3 16 12 14 17 18 28 27 22 24 34 38 2 35 30 33 29 
2021 7 8 15 9 10 12 28 22 36 24 25 31 32 33 30 27 20 13 21 23 26 34 35 38 3 0 16 11 37 14 17 18 19 29 1 2 4 5 6 
2092 13 36 23 24 31 32 34 38 2 0 16 14 17 19 29 30 25 27 21 20 12 11 37 9 8 10 15 5 7 6 4 35 26 33 1 3 18 28 22 
2261 2 0 18 1 28 22 26 23 25 31 32 29 4 35 33 30 24 36 21 20 12 37 9 8 5 7 3 16 11 14 17 19 27 13 10 15 6 34 38 
2137 38 2 4 5 37 10 14 28 20 11 27 34 35 1 3 19 18 17 16 15 6 7 9 8 12 13 36 21 22 23 26 24 25 31 32 30 33 29 0 
2549 25 31 32 35 4 6 5 11 16 28 24 36 21 20 13 10 7 38 3 19 0 15 8 17 18 37 9 12 22 26 27 33 30 34 2 14 1 29 23 
2174 16 29 1 2 4 5 6 10 15 8 18 19 32 34 38 35 33 28 30 31 25 24 23 26 27 22 36 21 20 13 12 11 0 17 14 37 9 7 3 
2137 16 17 18 19 3 15 5 7 6 2 4 34 28 22 23 31 25 36 21 13 10 37 9 8 14 0 29 1 38 35 32 33 30 26 27 24 20 12 11 
2456 35 26 27 22 36 21 13 12 37 11 16 17 1 29 30 33 28 23 25 31 32 34 2 5 6 7 10 14 24 20 19 18 15 9 8 0 3 38 4 
2460 26 23 25 28 27 34 38 24 21 37 7 6 4 8 10 11 14 16 0 29 1 3 15 5 9 19 18 17 12 13 36 20 22 30 31 32 2 35 33 
2841 3 5 12 0 1 25 26 24 36 22 20 13 10 16 15 6 7 8 11 14 17 18 2 4 33 29 38 37 9 27 21 23 31 19 28 30 34 35 32 
2415 24 22 36 21 11 16 14 17 18 19 0 4 37 9 28 27 20 13 5 7 6 34 38 2 35 26 32 29 1 3 15 8 10 12 33 30 31 25 23 
2564 26 33 0 1 5 9 10 12 19 38 31 32 34 35 3 18 17 15 8 37 7 6 2 4 30 23 25 28 20 11 14 16 29 27 21 13 36 22 24 
2878 3 14 15 7 13 36 20 37 17 19 0 2 4 5 8 12 16 31 32 30 23 24 21 25 26 27 11 9 6 35 38 33 18 1 29 28 22 10 34 
2462 29 23 25 26 27 30 0 1 35 32 34 2 3 17 18 20 12 37 9 8 11 15 5 7 6 4 33 28 24 36 21 22 31 38 19 16 14 13 10 
2367 17 38 6 7 8 37 9 10 12 13 36 21 15 11 14 18 19 0 29 1 35 33 30 31 34 2 4 5 16 3 28 23 27 20 22 26 24 25 32 
2388 13 12 17 0 38 34 33 23 24 25 31 32 28 36 21 4 3 15 5 8 9 10 16 1 2 29 19 18 14 11 37 7 6 35 30 26 27 22 20 
2367 38 0 18 14 13 10 9 7 5 12 20 22 23 28 27 34 2 16 37 8 1 3 19 17 29 30 31 32 33 25 26 24 36 21 11 15 6 4 35 
2222 0 1 3 38 4 35 32 31 25 28 23 24 36 21 13 12 15 37 9 11 16 14 18 19 29 34 2 33 30 26 27 22 20 5 6 7 8 10 17 
2062 10 11 15 5 7 6 4 35 38 0 29 31 32 34 2 3 30 28 27 22 36 21 13 12 37 8 16 14 17 18 19 1 33 25 26 23 24 20 9 

Problem ATSP/ft53.atsp:
R runs for 50 runs:
27046 11 29 46 40 34 36 31 45 43 7 15 38 30 47 5 22 41 50 8 10 2 14 25 13 37 6 27 33 52 35 20 49 17 21 4 32 39 18 26 24 42 16 48 28 3 9 12 19 0 44 23 1 51 
28741 33 29 15 9 23 26 14 25 35 50 13 46 27 41 52 22 30 32 8 36 19 3 20 48 37 1 51 11 31 4 43 44 6 38 34 47 28 16 17 5 42 12 49 7 10 18 39 2 45 0 21 40 24 
27133 0 50 47 25 10 24 31 12 14 29 48 38 20 5 28 40 35 6 44 8 18 23 22 17 30 21 36 3 49 46 52 11 2 19 34 32 37 51 13 42 26 43 4 16 7 41 33 27 39 15 45 9 1 
26637 26 5 31 46 15 18 45 14 28 51 30 36 11 25 24 2 16 38 47 29 23 43 3 42 44 4 10 52 0 7 8 40 49 9 50 12 19 34 13 17 35 22 33 6 39 32 37 41 48 20 21 27 1 
24315 27 45 43 40 35 11 52 25 28 37 19 5 16 38 10 47 49 33 48 18 21 32 13 6 15 39 2 8 30 51 17 24 22 12 14 34 44 20 7 42 46 41 26 31 1 4 3 29 50 0 9 36 23 
26267 26 28 15 30 0 29 52 5 42 37 4 44 33 45 12 32 48 22 21 25 19 36 46 35 10 7 6 23 11 38 40 18 3 39 34 24 9 8 50 13 1 20 51 27 49 16 17 47 2 43 14 31 41 
27381 35 20 30 10 29 38 21 9 16 34 4 11 14 43 40 0 17 50 26 18 2 37 25 31 45 8 27 23 36 49 7 3 5 48 32 52 15 39 6 22 42 12 19 44 28 46 33 51 41 1 47 24 13 
26056 30 18 16 10 47 37 24 34 2 25 38 13 0 35 22 27 5 26 9 4 32 40 15 41 21 14 31 50 19 51 3 28 11 36 46 43 49 29 48 1 6 17 52 42 39 23 20 12 8 45 7 44 33 
25008 11 17 47 9 49 32 1 27 46 40 42 15 5 33 25 20 10 21 35 2 39 26 36 34 31 44 3 24 12 30 52 41 50 48 8 23 14 28 22 13 29 16 38 18 0 4 7 6 51 19 37 43 45 
28140 7 41 12 13 22 37 42 16 44 36 29 9 32 45 52 8 39 14 19 43 11 23 30 50 10 40 27 47 28 20 17 48 3 34 24 6 51 0 1 15 33 2 35 26 4 18 49 46 38 25 21 31 5 
26416 23 24 2 7 49 36 29 17 6 39 45 28 5 25 3 4 50 13 20 44 18 43 42 11 34 35 47 9 19 27 16 30 33 48 15 1 0 21 10 12 52 22 38 37 40 8 51 14 31 41 32 26 46 
28047 13 41 44 23 3 6 24 39 30 5 35 4 26 42 45 8 12 28 16 15 34 0 21 48 17 49 14 32 31 2 52 36 43 33 46 9 37 29 1 18 47 51 40 10 7 19 50 11 25 20 27 22 38 
24410 43 9 16 50 2 51 48 46 18 38 27 20 52 24 6 42 36 35 4 33 29 15 19 13 7 12 47 25 1 40 37 10 41 30 3 21 11 32 31 22 5 44 23 26 45 8 49 28 39 17 34 14 0 
23108 1 37 43 6 9 5 25 7 46 16 17 3 15 20 27 18 22 28 30 12 4 44 50 52 11 38 45 42 21 0 34 19 49 47 2 35 29 31 32 40 48 51 26 33 10 14 13 8 39 41 23 36 24 
23808 5 10 24 48 50 27 25 14 19 37 42 28 6 15 39 7 44 17 18 30 31 11 0 47 41 40 52 26 16 23 21 20 12 51 49 38 4 22 43 2 13 45 29 35 9 34 3 46 1 33 8 32 36 
26046 23 8 26 20 7 41 35 4 18 2 19 27 36 5 10 44 48 12 11 32 28 46 30 21 6 52 22 0 13 34 15 37 39 9 29 42 25 17 3 33 38 14 50 31 49 47 45 1 40 24 16 43 51 
23636 19 31 51 43 40 21 50 52 49 25 35 8 30 45 13 28 27 18 46 15 42 34 4 48 16 22 39 6 5 14 7 17 32 20 23 38 29 0 36 3 12 10 2 1 33 44 11 9 41 37 47 24 26 
25140 9 44 8 10 49 28 5 25 32 47 21 17 24 4 31 22 3 29 46 34 33 0 11 42 2 50 48 38 43 19 36 52 26 27 45 41 51 7 23 35 30 40 15 12 16 14 39 37 18 13 6 20 1 
24873 42 18 0 34 29 22 46 5 36 39 27 17 40 1 12 31 15 35 41 3 47 38 26 37 4 44 10 13 14 50 25 2 33 16 43 24 28 48 49 45 20 52 21 8 51 23 6 30 11 32 7 19 9 
26050 47 12 31 13 10 8 14 24 39 49 20 7 11 38 2 37 5 42 9 17 36 33 19 18 27 4 23 30 34 51 29 21 52 44 35 45 22 48 28 0 43 16 1 32 3 26 15 25 40 41 46 50 6 
24527 19 33 32 48 15 26 28 37 41 16 18 46 7 45 39 49 8 1 2 40 42 50 35 12 0 29 27 10 5 6 9 14 44 23 34 17 36 52 51 11 25 24 47 30 3 21 20 31 13 4 43 38 22 
27003 14 43 37 26 28 38 31 15 19 0 16 39 29 49 8 40 6 27 18 41 47 21 11 36 25 1 33 2 34 23 32 45 30 24 51 35 46 4 10 17 48 7 22 9 50 3 12 5 20 42 52 44 13 
26100 11 52 17 14 4 34 5 50 23 20 40 35 16 7 37 0 46 19 32 41 39 51 1 47 30 29 36 26 6 28 21 2 13 9 24 8 25 38 27 3 44 42 15 48 18 22 31 33 10 49 12 43 45 
24619 35 52 43 23 41 2 33 27 49 24 40 11 7 32 31 13 16 38 46 44 51 1 45 39 18 4 15 50 22 10 34 14 21 9 48 47 12 19 36 6 0 25 30 17 26 28 29 8 3 20 5 42 37 
25158 11 6 33 46 4 42 40 22 41 38 1 43 49 52 27 24 26 32 35 45 20 28 29 36 39 12 48 18 17 47 13 44 15 9 19 50 31 14 8 3 10 7 25 21 5 16 37 51 34 2 0 30 23 
28073 39 12 11 35 34 46 38 49 18 48 45 25 36 26 37 30 14 41 17 5 51 15 7 19 21 23 47 1 32 28 42 33 43 2 31 9 24 29 16 0 6 40 52 22 3 10 20 13 50 4 8 44 27 
24541 2 13 39 0 44 37 24 22 23 5 35 17 14 27 1 10 16 33 45 11 50 52 20 18 21 9 51 15 30 7 6 32 40 29 43 25 42 38 36 4 46 28 47 8 41 34 26 49 48 12 3 31 19 
23153 33 42 46 2 51 49 27 40 9 52 16 19 7 41 37 35 32 22 23 18 11 3 1 24 25 10 4 8 34 15 6 0 36 5 26 29 31 45 47 30 17 43 48 28 13 21 12 38 20 14 44 39 50 
24988 23 5 33 52 19 3 18 48 43 10 9 16 6 28 50 31 39 29 42 49 25 46 24 22 40 15 35 17 26 47 44 34 45 36 32 13 37 4 30 7 0 1 11 38 51 27 2 12 21 41 14 20 8 
23406 39 20 2 21 8 1 40 15 19 28 26 41 44 51 33 45 36 7 18 35 47 0 27 29 49 22 11 23 31 38 16 13 17 37 5 32 34 50 24 12 42 3 9 43 6 10 14 30 48 52 25 46 4 
26331 4 45 14 42 0 50 21 48 52 20 33 12 51 46 25 43 34 19 22 16 31 23 9 7 10 17 11 5 32 27 49 35 3 36 24 44 15 13 6 37 8 40 18 1 47 29 2 26 38 41 30 39 28 
25740 1 29 50 30 47 2 28 43 11 45 41 51 48 5 14 15 8 44 25 32 52 34 40 38 49 7 35 24 4 22 42 16 21 26 23 46 18 27 10 6 12 33 19 37 31 17 20 0 39 9 13 3 36 
26917 29 23 15 8 43 18 33 28 12 10 5 24 11 35 3 13 14 25 39 51 27 32 49 2 7 31 47 22 41 40 48 45 1 4 38 34 36 42 26 6 50 46 52 17 30 37 19 16 21 9 44 0 20 
27137 29 14 24 2 18 36 39 15 28 7 23 30 49 41 32 13 8 43 3 31 37 22 9 35 33 44 34 0 16 50 45 40 17 12 10 19 38 27 4 48 26 11 5 1 51 42 20 47 25 6 46 52 21 
27829 2 41 17 39 7 50 40 46 31 47 35 28 49 12 33 6 19 3 20 22 29 51 36 14 0 26 27 42 9 44 25 43 24 10 34 16 21 37 13 1 23 45 32 52 38 15 11 48 8 4 30 5 18 
26183 5 24 33 44 50 46 41 27 12 43 23 11 26 18 31 22 42 45 37 16 47 49 3 19 40 28 14 1 4 35 51 20 15 38 25 32 21 39 8 17 52 0 2 9 10 34 48 36 30 29 7 13 6 
27088 4 50 3 13 39 27 48 32 36 35 47 23 26 5 18 21 29 33 37 9 46 42 19 43 25 31 6 0 49 11 20 30 41 28 17 7 52 14 51 44 16 34 8 15 40 1 10 38 22 2 45 12 24 
25060 18 39 51 24 20 36 13 42 1 7 34 31 0 11 23 33 47 21 43 45 19 37 49 6 38 17 46 25 26 52 3 5 44 9 50 29 27 8 10 35 2 41 32 12 48 30 14 22 15 28 40 4 16 
28017 47 43 49 34 19 7 46 12 11 0 25 10 9 44 37 6 39 13 18 50 14 51 36 48 22 40 16 38 52 1 27 8 33 5 32 15 3 29 45 28 26 30 17 42 23 24 2 20 35 31 41 4 21 
25822 14 26 17 20 18 15 48 12 3 30 21 6 50 29 52 47 13 38 27 42 44 2 37 43 23 39 4 7 35 11 49 32 28 51 5 16 24 40 9 45 10 1 22 31 19 25 41 33 36 0 8 46 34 
25895 44 14 10 24 22 48 17 7 16 38 51 11 36 43 31 18 15 47 19 37 42 8 33 9 4 13 46 20 1 45 5 3 41 2 25 39 6 34 21 30 26 0 29 28 50 49 27 35 12 32 23 40 52 
27383 12 1 5 18 34 20 17 38 22 8 7 30 4 43 6 37 35 0 9 45 16 49 11 15 48 23 31 10 40 13 39 19 24 25 36 21 27 33 44 26 2 46 14 28 47 50 42 52 41 32 3 51 29 
26283 49 40 15 16 39 8 35 48 9 27 26 52 20 28 1 7 12 0 43 34 47 4 25 11 44 33 24 22 21 18 2 36 19 32 38 23 29 6 45 41 3 13 31 46 50 30 10 51 17 14 5 42 37 
25932 27 43 33 50 3 1 47 23 40 37 26 10 38 15 12 0 11 20 14 36 19 29 6 35 49 25 8 30 9 22 13 42 21 28 44 18 32 48 5 16 39 17 41 24 2 7 52 31 46 45 34 51 4 
26556 16 27 48 35 1 7 33 5 38 12 37 44 30 15 21 34 26 18 24 2 52 29 9 40 50 23 25 0 6 8 32 4 43 41 11 22 47 20 17 3 31 13 14 46 28 10 51 36 45 39 49 42 19 
26905 16 34 45 27 29 12 47 50 40 32 35 24 1 23 52 8 19 0 10 30 11 25 3 31 5 37 4 18 46 44 51 2 28 49 6 43 36 22 42 20 38 15 7 48 33 21 9 26 39 17 14 41 13 
27042 41 20 7 44 40 8 18 45 15 27 24 35 4 52 9 38 19 47 12 23 36 32 1 10 17 14 2 48 25 11 42 22 43 3 37 13 50 0 46 39 29 34 51 6 31 28 49 5 30 21 26 33 16 
26506 29 7 46 35 1 42 43 11 0 45 25 30 23 38 21 2 12 48 3 28 34 44 20 18 16 36 27 40 19 6 14 37 15 50 26 31 8 17 49 4 51 47 39 33 24 32 41 52 22 9 5 13 10 
24902 0 16 34 23 24 42 36 17 49 52 38 3 4 6 13 22 35 44 50 32 1 26 29 7 12 37 21 39 19 51 11 31 45 18 10 48 47 40 27 20 28 8 30 46 9 5 2 15 33 41 25 43 14 
26953 23 6 47 37 4 13 1 17 22 41 48 18 9 26 5 11 2 36 15 12 30 43 24 16 8 19 38 50 32 40 20 27 33 42 3 21 52 28 46 49 14 0 25 34 29 51 7 39 31 45 44 10 35 

RW runs for 50 runs:
25637 35 24 51 32 23 41 18 33 14 40 38 22 39 25 27 0 43 2 5 37 4 21 30 28 19 6 1 26 15 12 3 45 52 29 47 31 49 50 46 8 34 42 9 7 10 13 36 44 17 48 16 11 20 
26601 35 24 51 32 23 41 18 33 14 40 38 22 39 25 27 0 43 2 5 37 4 21 30 28 19 6 1 26 50 12 3 45 52 29 47 31 49 15 46 8 34 42 9 7 10 13 36 44 17 48 16 11 20 
26549 35 24 51 32 23 41 18 33 14 40 38 22 39 26 27 0 43 2 5 37 4 21 30 28 19 6 1 25 50 12 3 45 52 29 47 31 49 15 46 8 34 42 9 7 10 13 36 44 17 48 16 11 20 
26299 35 24 51 32 23 3 18 33 14 40 38 22 39 26 27 0 43 2 5 37 4 21 30 28 19 6 1 25 50 12 41 45 52 29 47 31 49 15 46 8 34 42 9 7 10 13 36 44 17 48 16 11 20 
26074 35 24 51 32 23 3 18 33 14 40 38 22 39 26 27 0 43 2 5 37 4 21 30 28 31 6 1 25 50 12 41 45 52 29 47 19 49 15 46 8 34 42 9 7 10 13 36 44 17 48 16 11 20 
26286 35 24 51 32 23 3 18 33 14 40 38 22 39 26 27 0 43 2 5 37 4 21 30 28 31 6 1 25 50 15 41 45 52 29 47 19 49 12 46 8 34 42 9 7 10 13 36 44 17 48 16 11 20 
26187 35 24 51 32 23 3 18 33 14 40 38 22 39 26 27 0 43 2 5 37 4 21 30 28 31 9 1 25 50 15 41 45 52 29 47 19 49 12 46 8 34 42 6 7 10 13 36 44 17 48 16 11 20 
26352 35 24 51 32 23 3 18 36 14 40 38 22 39 26 27 0 43 2 5 37 4 21 30 28 31 9 1 25 50 15 41 45 52 29 47 19 49 12 46 8 34 42 6 7 10 13 33 44 17 48 16 11 20 
26113 35 24 51 32 23 3 18 36 14 40 38 22 39 26 27 0 43 2 5 37 4 21 30 28 31 9 1 25 13 15 41 45 52 29 47 19 49 12 46 8 34 42 6 7 10 50 33 44 17 48 16 11 20 
26155 35 24 51 32 23 3 18 36 14 40 38 22 39 26 27 0 43 2 5 37 4 21 30 28 31 9 1 33 13 15 41 45 52 29 47 19 49 12 46 8 34 42 6 7 10 50 25 44 17 48 16 11 20 
26095 35 24 51 22 23 3 18 36 14 40 38 32 39 26 27 0 43 2 5 37 4 21 30 28 31 9 1 33 13 15 41 45 52 29 47 19 49 12 46 8 34 42 6 7 10 50 25 44 17 48 16 11 20 
25756 35 24 51 22 23 3 18 36 14 40 38 32 39 26 27 0 43 2 5 37 4 21 1 28 31 9 30 33 13 15 41 45 52 29 47 19 49 12 46 8 34 42 6 7 10 50 25 44 17 48 16 11 20 
26537 35 24 51 22 23 3 18 36 14 40 38 32 39 26 27 0 43 2 5 37 4 21 1 28 31 9 30 33 13 15 41 45 52 29 47 19 49 12 46 8 34 42 6 50 10 7 25 44 17 48 16 11 20 
27124 35 24 51 22 23 3 18 36 14 40 38 32 39 26 27 0 52 2 5 37 4 21 1 28 31 9 30 33 13 15 41 45 43 29 47 19 49 12 46 8 34 42 6 50 10 7 25 44 17 48 16 11 20 
27120 35 24 51 22 23 30 18 36 14 40 38 32 39 26 27 0 52 2 5 37 4 21 1 28 31 9 3 33 13 15 41 45 43 29 47 19 49 12 46 8 34 42 6 50 10 7 25 44 17 48 16 11 20 
27234 35 24 51 22 23 30 18 36 14 40 38 32 39 26 27 0 52 2 5 37 4 21 1 28 31 9 6 33 13 15 41 45 43 29 47 19 49 12 46 8 34 42 3 50 10 7 25 44 17 48 16 11 20 
26668 35 24 51 22 23 30 18 36 14 40 38 32 39 26 27 0 52 2 5 37 4 21 48 28 31 9 6 33 13 15 41 45 43 29 47 19 49 12 46 8 34 42 3 50 10 7 25 44 17 1 16 11 20 
26486 35 24 51 22 23 30 18 36 14 40 38 4 39 26 27 0 52 2 5 37 32 21 48 28 31 9 6 33 13 15 41 45 43 29 47 19 49 12 46 8 34 42 3 50 10 7 25 44 17 1 16 11 20 
26551 35 24 51 22 23 30 18 36 14 40 38 4 39 26 27 0 52 2 5 37 32 21 48 28 31 9 6 17 13 15 41 45 43 29 47 19 49 12 46 8 34 42 3 50 10 7 25 44 33 1 16 11 20 
26656 35 27 51 22 23 30 18 36 14 40 38 4 39 26 24 0 52 2 5 37 32 21 48 28 31 9 6 17 13 15 41 45 43 29 47 19 49 12 46 8 34 42 3 50 10 7 25 44 33 1 16 11 20 
26283 35 27 51 22 23 30 18 36 14 40 38 4 39 26 24 0 52 2 5 37 32 21 48 28 31 9 6 17 13 15 41 45 43 29 33 19 49 12 46 8 34 42 3 50 10 7 25 44 47 1 16 11 20 
26543 35 27 51 22 23 30 18 36 14 40 38 4 39 26 24 0 52 2 5 37 32 21 48 28 31 9 6 17 13 15 41 45 43 29 33 19 49 12 46 8 34 42 3 50 10 7 11 44 47 1 16 25 20 
26221 35 27 11 22 23 30 18 36 14 40 38 4 39 26 24 0 52 2 5 37 32 21 48 28 31 9 6 17 13 15 41 45 43 29 33 19 49 12 46 8 34 42 3 50 10 7 51 44 47 1 16 25 20 
26774 35 27 11 22 23 30 18 36 14 40 38 7 39 26 24 0 52 2 5 37 32 21 48 28 31 9 6 17 13 15 41 45 43 29 33 19 49 12 46 8 34 42 3 50 10 4 51 44 47 1 16 25 20 
26891 35 27 11 22 23 30 47 36 14 40 38 7 39 26 24 0 52 2 5 37 32 21 48 28 31 9 6 17 13 15 41 45 43 29 33 19 49 12 46 8 34 42 3 50 10 4 51 44 18 1 16 25 20 
26669 35 27 11 22 23 30 47 36 14 7 38 40 39 26 24 0 52 2 5 37 32 21 48 28 31 9 6 17 13 15 41 45 43 29 33 19 49 12 46 8 34 42 3 50 10 4 51 44 18 1 16 25 20 
27015 35 27 11 22 23 30 47 36 14 7 38 40 39 26 24 0 52 2 5 37 32 21 48 28 31 9 6 17 13 15 41 45 43 29 33 19 49 12 46 8 34 42 3 50 10 4 18 44 51 1 16 25 20 
26823 35 27 11 22 23 30 47 36 14 7 38 40 39 26 24 0 52 2 1 37 32 21 48 28 31 9 6 17 13 15 41 45 43 29 33 19 49 12 46 8 34 42 3 50 10 4 18 44 51 5 16 25 20 
26239 35 27 11 22 23 10 47 36 14 7 38 40 39 26 24 0 52 2 1 37 32 21 48 28 31 9 6 17 13 15 41 45 43 29 33 19 49 12 46 8 34 42 3 50 30 4 18 44 51 5 16 25 20 
26209 35 27 11 22 23 38 47 36 14 7 10 40 39 26 24 0 52 2 1 37 32 21 48 28 31 9 6 17 13 15 41 45 43 29 33 19 49 12 46 8 34 42 3 50 30 4 18 44 51 5 16 25 20 
26152 35 27 11 22 23 38 47 36 14 7 10 40 39 26 24 0 52 2 1 37 32 21 48 28 31 9 6 17 34 15 41 45 43 29 33 19 49 12 46 8 13 42 3 50 30 4 18 44 51 5 16 25 20 
26335 35 27 11 22 23 38 47 36 14 7 10 40 39 26 24 0 52 2 1 37 32 21 48 28 31 9 6 17 34 15 41 45 43 29 33 19 49 12 46 8 13 42 3 50 30 4 20 44 51 5 16 25 18 
26870 35 27 11 22 23 38 47 36 14 7 10 40 39 26 24 0 52 2 1 37 32 21 48 28 31 9 6 17 34 15 41 45 43 29 33 19 49 12 46 8 13 42 3 20 30 4 50 44 51 5 16 25 18 
27318 35 27 11 22 23 38 47 48 14 7 10 40 39 26 24 0 52 2 1 37 32 21 36 28 31 9 6 17 34 15 41 45 43 29 33 19 49 12 46 8 13 42 3 20 30 4 50 44 51 5 16 25 18 
27450 35 27 11 22 23 38 47 48 14 7 10 40 39 32 24 0 52 2 1 37 26 21 36 28 31 9 6 17 34 15 41 45 43 29 33 19 49 12 46 8 13 42 3 20 30 4 50 44 51 5 16 25 18 
27277 35 27 11 22 23 38 47 48 14 7 10 40 39 32 24 0 52 2 1 37 26 21 36 28 31 9 13 17 34 15 41 45 43 29 33 19 49 12 46 8 6 42 3 20 30 4 50 44 51 5 16 25 18 
27057 35 27 11 22 23 38 47 48 14 36 10 40 39 32 24 0 52 2 1 37 26 21 7 28 31 9 13 17 34 15 41 45 43 29 33 19 49 12 46 8 6 42 3 20 30 4 50 44 51 5 16 25 18 
27323 35 27 11 22 23 38 47 48 14 36 10 0 39 32 24 40 52 2 1 37 26 21 7 28 31 9 13 17 34 15 41 45 43 29 33 19 49 12 46 8 6 42 3 20 30 4 50 44 51 5 16 25 18 
27822 35 27 11 22 23 38 47 48 14 36 13 0 39 32 24 40 52 2 1 37 26 21 7 28 31 9 10 17 34 15 41 45 43 29 33 19 49 12 46 8 6 42 3 20 30 4 50 44 51 5 16 25 18 
27821 35 27 11 22 23 38 47 48 14 36 13 0 39 7 24 40 52 2 1 37 26 21 32 28 31 9 10 17 34 15 41 45 43 29 33 19 49 12 46 8 6 42 3 20 30 4 50 44 51 5 16 25 18 
27838 35 7 11 22 23 38 47 48 14 36 13 0 39 27 24 40 52 2 1 37 26 21 32 28 31 9 10 17 34 15 41 45 43 29 33 19 49 12 46 8 6 42 3 20 30 4 50 44 51 5 16 25 18 
27986 32 7 11 22 23 38 47 48 14 36 13 0 39 27 24 40 52 2 1 37 26 21 35 28 31 9 10 17 34 15 41 45 43 29 33 19 49 12 46 8 6 42 3 20 30 4 50 44 51 5 16 25 18 
27777 32 8 11 22 23 38 47 48 14 36 13 0 39 27 24 40 52 2 1 37 26 21 35 28 31 9 10 17 34 15 41 45 43 29 33 19 49 12 46 7 6 42 3 20 30 4 50 44 51 5 16 25 18 
27739 32 8 11 22 23 38 47 48 14 36 13 0 39 46 24 40 52 2 1 37 26 21 35 28 31 9 10 17 34 15 41 45 43 29 33 19 49 12 27 7 6 42 3 20 30 4 50 44 51 5 16 25 18 
27666 32 8 11 22 23 38 47 48 14 36 13 19 39 46 24 40 52 2 1 37 26 21 35 28 31 9 10 17 34 15 41 45 43 29 33 0 49 12 27 7 6 42 3 20 30 4 50 44 51 5 16 25 18 
27333 32 8 11 22 23 38 47 3 14 36 13 19 39 46 24 40 52 2 1 37 26 21 35 28 31 9 10 17 34 15 41 45 43 29 33 0 49 12 27 7 6 42 48 20 30 4 50 44 51 5 16 25 18 
27124 32 8 21 22 23 38 47 3 14 36 13 19 39 46 24 40 52 2 1 37 26 11 35 28 31 9 10 17 34 15 41 45 43 29 33 0 49 12 27 7 6 42 48 20 30 4 50 44 51 5 16 25 18 
27128 32 3 21 22 23 38 47 8 14 36 13 19 39 46 24 40 52 2 1 37 26 11 35 28 31 9 10 17 34 15 41 45 43 29 33 0 49 12 27 7 6 42 48 20 30 4 50 44 51 5 16 25 18 
27193 32 3 21 22 23 38 47 8 14 36 13 19 39 46 24 12 52 2 1 37 26 11 35 28 31 9 10 17 34 15 41 45 43 29 33 0 49 40 27 7 6 42 48 20 30 4 50 44 51 5 16 25 18 
27280 32 3 21 22 23 38 47 8 14 36 13 19 39 46 24 12 52 2 1 37 26 42 35 28 31 9 10 17 34 15 41 45 43 29 33 0 49 40 27 7 6 11 48 20 30 4 50 44 51 5 16 25 18 

H runs for 50 runs:
11015 34 52 48 51 49 50 33 31 30 36 35 38 45 41 43 46 44 47 42 7 6 5 8 3 0 2 17 15 40 27 29 28 26 25 1 12 10 11 16 23 32 20 21 9 4 13 39 19 37 18 14 24 22 
12381 4 34 50 52 51 49 29 26 25 48 27 7 5 8 3 2 17 33 30 0 35 40 36 32 31 28 11 13 12 14 20 39 38 37 21 22 42 41 43 45 46 47 44 23 6 9 1 15 18 10 19 24 16 
12853 41 42 43 49 48 51 50 29 28 52 33 31 25 7 5 8 9 6 3 2 0 36 32 30 35 37 40 21 26 27 47 45 44 23 11 10 12 13 34 17 20 39 4 22 18 16 38 1 15 46 19 14 24 
13116 39 37 35 40 21 27 29 28 25 26 48 50 52 51 33 30 0 36 10 11 3 1 6 49 31 32 7 5 9 2 15 17 16 41 43 45 42 44 47 34 18 23 8 14 13 12 4 20 22 19 46 24 38 
13251 29 28 48 50 49 52 33 30 0 3 2 1 41 47 42 43 46 34 51 25 26 7 6 5 13 11 14 20 21 39 35 36 10 38 32 45 44 23 8 9 12 37 40 18 15 17 31 16 19 4 22 27 24 
12589 34 48 52 49 51 29 26 25 28 50 27 7 5 9 33 32 21 11 10 12 36 40 37 18 17 15 35 38 45 41 47 44 46 42 43 6 3 1 2 8 31 30 4 0 14 16 20 22 23 39 24 19 13 
14013 28 52 49 48 29 26 27 50 31 33 30 36 40 35 37 32 21 8 9 5 51 41 43 45 42 46 44 23 22 20 6 7 12 14 11 0 1 13 34 25 47 18 15 39 4 17 3 10 2 19 16 38 24 
12927 0 3 2 16 52 49 51 50 33 31 26 25 27 29 48 30 35 37 36 40 21 20 8 5 7 6 1 41 47 44 42 43 34 18 15 32 39 10 14 12 38 4 22 17 11 13 23 24 46 45 28 19 9 
13958 33 31 25 26 27 29 48 49 50 51 45 41 42 43 47 46 52 30 3 0 36 40 35 21 20 39 6 5 7 12 10 38 32 2 16 23 22 19 17 11 13 15 8 1 9 34 18 37 28 14 44 24 4 
14053 25 27 29 28 48 52 49 26 7 51 50 30 3 2 0 32 21 20 11 10 12 38 35 40 36 37 17 33 41 42 43 45 46 47 44 23 22 18 1 8 6 31 5 13 16 39 9 14 34 19 4 15 24 
11990 2 0 3 48 49 52 51 50 28 25 29 26 27 31 30 33 20 21 11 13 10 14 12 38 36 32 41 47 46 44 43 45 34 6 8 5 1 7 9 35 37 18 16 23 22 42 40 4 15 39 19 17 24 
13029 13 11 48 50 52 51 28 27 29 25 26 49 30 33 32 31 7 8 9 3 2 1 41 42 43 46 44 47 5 0 35 40 36 37 18 16 20 39 6 10 12 14 34 19 15 38 4 22 45 17 23 24 21 
12250 8 9 7 51 48 50 49 52 28 26 25 29 33 31 32 30 0 36 10 14 13 12 35 40 21 27 47 42 46 41 44 34 5 3 1 43 37 38 18 16 15 39 4 17 11 2 20 22 23 24 45 6 19 
13545 32 33 31 25 27 26 28 50 52 49 48 30 36 35 38 45 44 41 42 46 47 34 6 51 3 2 1 0 13 10 11 14 20 39 40 18 15 37 21 8 5 7 17 16 12 4 9 43 22 23 29 19 24 
12184 21 20 39 37 49 52 48 50 51 28 25 26 27 29 31 30 3 1 41 43 46 42 44 34 32 33 7 5 8 0 2 17 11 12 38 35 40 36 18 15 45 6 10 13 14 16 22 23 9 19 4 47 24 
14043 6 48 49 51 29 28 25 52 33 26 27 3 0 36 40 35 21 11 12 10 38 32 50 31 30 1 8 5 2 16 23 39 41 42 43 45 46 47 7 9 13 17 37 15 4 22 20 24 19 14 18 44 34 
13208 39 35 37 36 40 27 25 29 28 52 48 50 51 26 3 0 2 1 6 5 49 31 33 32 20 21 22 19 18 17 15 38 45 42 46 43 47 44 23 8 9 13 10 11 12 34 7 41 14 16 30 4 24 
11513 19 18 8 9 7 5 51 49 52 50 48 29 26 28 31 33 27 0 3 1 41 42 43 46 45 44 32 30 2 16 15 37 36 35 38 10 12 14 13 34 6 11 25 20 21 23 39 40 22 47 24 4 17 
13684 49 50 51 29 26 28 25 48 52 31 30 3 0 36 32 33 21 8 6 9 2 1 7 13 11 10 38 35 27 5 41 47 42 46 45 43 37 40 39 18 16 20 22 19 17 23 44 34 14 12 15 4 24 
12774 15 52 49 50 48 51 28 25 29 26 27 7 5 6 8 0 36 35 38 45 42 43 44 46 41 34 32 33 21 39 37 18 1 9 3 10 11 2 17 16 20 22 23 47 31 12 4 14 24 40 13 19 30 
12613 5 49 52 51 29 26 27 48 50 31 25 3 1 8 6 33 32 30 36 10 12 14 41 47 44 34 35 38 45 42 43 46 7 9 2 17 11 16 15 40 39 37 18 19 0 13 21 23 22 20 24 28 4 
14363 50 52 48 29 28 27 26 25 51 33 32 21 11 10 12 36 49 31 7 6 5 3 1 41 47 46 45 42 43 34 37 35 39 18 17 16 20 24 22 0 13 14 15 38 4 9 2 40 8 30 19 44 23 
13086 10 49 48 52 51 28 25 27 26 50 31 29 30 33 20 21 11 3 0 36 35 37 18 8 5 9 6 2 17 16 23 22 42 43 46 45 41 44 47 34 32 1 12 14 13 38 40 15 19 39 4 7 24 
12738 39 36 32 31 33 25 27 28 48 52 51 50 29 3 0 2 16 11 12 10 49 24 22 20 26 6 5 8 1 7 9 17 41 43 46 44 42 45 23 21 35 37 40 38 4 13 14 15 19 18 34 30 47 
13304 39 35 37 36 32 26 27 25 52 48 51 49 29 50 31 28 30 3 0 1 8 5 7 6 2 16 23 21 20 24 47 42 43 46 41 44 22 19 15 40 18 33 45 10 12 11 13 34 17 9 14 38 4 
14311 17 33 30 3 0 49 52 51 48 26 27 29 25 28 20 8 6 9 7 21 11 12 38 35 37 18 1 5 2 41 42 43 46 34 31 50 14 10 36 40 39 32 22 44 23 19 16 13 4 15 47 24 45 
13482 13 10 49 52 48 51 29 28 25 27 26 50 33 30 3 2 0 35 40 38 36 32 20 39 37 21 8 9 5 1 6 44 41 43 45 34 18 16 15 17 11 14 42 7 31 12 4 22 46 19 47 23 24 
14190 22 20 21 26 27 28 48 52 50 51 25 7 5 49 33 30 3 0 35 36 40 38 37 32 43 45 42 41 46 47 34 31 29 2 17 11 13 12 10 1 9 14 15 19 8 16 18 23 6 44 4 24 39 
11977 49 52 51 50 48 28 26 25 27 29 31 33 21 20 11 0 3 2 1 8 6 5 13 14 10 38 35 40 37 36 45 41 43 46 44 34 30 32 39 4 22 47 23 19 17 16 15 7 12 42 9 24 18 
13220 22 49 48 52 50 29 26 27 28 51 25 3 0 35 40 36 10 12 11 1 6 8 7 9 5 33 32 31 21 23 20 37 38 4 34 18 16 13 14 17 15 45 41 43 44 47 42 2 46 39 19 30 24 
13146 9 8 7 51 48 52 49 26 27 29 25 50 33 30 3 2 0 35 36 10 12 11 14 41 47 44 42 43 34 31 21 39 6 5 13 15 18 1 32 20 37 40 38 17 22 45 46 23 24 19 4 16 28 
14600 47 42 43 45 44 41 49 52 48 29 26 28 25 50 33 27 3 2 0 32 21 8 9 6 51 30 36 10 14 11 12 35 38 4 1 5 13 34 31 39 18 17 16 37 19 7 20 40 22 46 24 23 15 
15155 33 26 29 52 48 51 28 50 31 30 36 49 24 21 8 6 9 5 0 3 13 10 14 11 2 16 41 43 45 44 42 47 7 1 35 38 37 32 25 12 20 22 18 17 15 39 27 34 23 46 19 4 40 
13383 37 36 32 26 29 52 50 48 28 49 51 27 25 7 6 9 8 3 2 17 15 18 1 41 47 44 42 43 34 30 31 33 20 11 0 35 38 10 13 16 22 46 5 4 19 21 23 39 40 12 24 45 14 
13399 46 45 44 41 43 48 50 51 52 33 26 25 29 27 49 31 28 21 11 10 38 37 35 40 39 36 4 1 0 2 16 15 32 20 9 6 8 5 13 17 22 42 7 3 12 34 30 14 24 19 23 18 47 
12186 37 49 52 50 51 48 26 29 28 31 25 27 0 3 1 41 47 44 34 33 32 30 36 40 21 11 13 14 12 38 35 45 43 42 5 8 6 2 15 17 23 20 24 19 9 7 4 10 39 46 22 16 18 
12293 12 14 10 11 0 36 32 26 25 29 28 48 49 50 52 33 31 30 35 38 41 43 46 45 44 42 34 51 3 2 1 8 5 9 7 21 27 16 15 18 6 13 17 37 19 20 39 40 22 24 47 23 4 
14497 4 1 41 47 46 45 42 49 50 51 29 26 25 28 48 33 31 32 30 0 35 40 37 36 10 14 13 11 2 16 52 44 43 5 9 8 3 34 27 7 21 22 20 39 18 19 6 12 15 23 38 24 17 
11762 35 49 50 51 52 48 28 26 25 27 29 33 31 30 0 3 1 41 47 46 44 42 43 7 6 9 2 17 15 37 36 10 12 11 14 13 34 18 8 32 21 39 38 40 4 16 23 20 5 19 22 24 45 
12149 43 41 49 48 50 51 52 29 28 25 27 7 6 5 3 2 0 35 37 18 17 33 31 32 30 4 8 13 10 11 14 34 15 39 38 40 45 42 47 44 23 20 9 36 21 24 19 16 12 1 22 26 46 
13096 39 36 35 49 50 52 51 29 28 25 27 7 48 26 3 2 17 15 40 37 18 8 6 33 31 30 0 4 34 5 1 43 42 47 44 45 46 32 21 20 9 12 10 14 11 16 41 22 24 38 19 23 13 
12980 11 48 49 50 51 28 25 27 29 26 3 1 41 47 42 43 45 46 34 30 0 32 21 8 6 9 7 52 31 20 24 19 16 23 5 33 22 44 39 35 37 18 15 40 38 4 36 10 13 17 2 14 12 
11892 18 17 15 50 49 52 51 29 25 28 48 26 27 7 6 8 5 9 33 30 0 35 40 37 36 10 11 3 1 2 13 12 41 47 42 46 45 44 43 34 16 23 32 31 21 39 38 22 20 14 19 4 24 
14569 31 26 25 27 28 48 50 51 29 33 32 52 45 44 34 30 3 2 0 36 49 9 8 6 5 7 1 35 38 37 39 21 11 12 10 13 17 15 18 41 42 46 23 22 47 43 16 20 24 19 4 40 14 
12094 41 42 46 45 44 43 48 50 52 33 31 26 29 28 25 51 49 24 23 20 27 0 36 35 40 37 18 17 16 11 10 12 13 34 32 21 8 5 7 6 9 2 15 38 39 4 22 19 3 14 30 47 1 
12488 7 51 49 52 48 29 28 25 50 31 26 0 3 13 11 12 38 37 36 32 30 33 27 47 44 41 42 45 34 10 35 39 6 5 9 8 17 16 23 20 24 21 40 18 19 2 14 15 4 1 46 43 22 
12737 52 48 49 29 28 25 26 7 6 51 50 31 30 3 1 8 9 5 0 35 36 10 12 38 37 18 15 40 45 42 41 44 34 32 27 33 20 39 21 11 13 14 16 43 47 22 19 2 17 46 4 23 24 
12468 42 43 49 52 48 50 33 31 25 26 29 27 28 20 39 36 32 30 35 40 21 11 10 38 41 46 45 34 51 3 0 2 1 6 9 7 8 12 13 16 37 18 19 15 4 17 22 44 47 23 5 14 24 
12867 12 14 13 11 10 48 49 52 50 29 28 25 26 51 31 30 33 27 0 36 40 38 35 37 39 6 5 7 3 17 23 32 43 45 41 44 46 34 18 15 19 1 2 9 8 16 21 24 20 4 47 42 22 
11309 27 25 28 52 49 48 50 51 29 33 26 3 2 1 41 47 46 44 43 42 7 6 8 0 36 32 31 30 4 34 5 13 11 10 38 37 35 21 22 19 18 17 16 15 39 45 23 20 40 12 9 14 24 

G runs for 50 runs:
11546 20 21 24 22 16 23 47 42 41 46 45 44 10 0 32 33 30 17 15 37 34 51 49 52 50 48 29 26 3 1 14 40 38 43 18 19 6 5 13 12 11 2 36 35 39 4 8 7 9 31 25 27 28 
11919 18 19 34 50 52 51 49 48 17 11 12 24 23 46 44 42 41 47 43 0 3 8 6 5 9 14 40 21 39 35 27 28 25 29 26 7 15 4 2 1 13 45 22 20 10 38 36 32 33 31 30 16 37 
14322 20 7 5 22 19 41 47 45 44 34 40 33 25 2 24 11 9 17 15 52 51 50 49 48 18 43 42 37 1 13 39 46 0 32 31 29 28 27 26 16 23 6 8 35 21 38 4 30 3 12 36 10 14 
10003 4 15 39 40 38 16 23 22 1 3 2 17 52 50 48 49 51 29 28 25 27 26 10 13 34 32 33 31 30 35 42 47 46 43 45 44 41 7 36 37 21 20 24 19 18 11 12 14 6 5 9 8 0 
12059 31 22 47 35 38 4 9 11 2 17 15 19 18 37 39 36 14 34 30 12 20 7 6 5 8 3 1 16 23 21 24 32 25 29 0 13 10 40 44 41 43 45 42 46 26 27 28 49 52 51 48 50 33 
11902 27 29 28 31 25 46 44 43 45 7 6 51 49 52 50 48 18 19 22 20 24 23 21 39 37 17 38 32 33 26 15 36 1 2 16 10 14 13 11 3 0 8 9 5 34 30 12 35 40 4 41 42 47 
12872 8 6 10 4 24 47 34 37 20 22 45 2 1 12 39 36 35 18 17 16 15 23 14 41 44 43 7 5 0 13 9 51 48 49 52 50 33 31 26 25 27 29 28 30 21 11 3 42 46 40 38 32 19 
14016 4 1 9 11 10 12 14 17 40 34 19 3 8 6 5 50 26 29 28 31 30 15 35 39 32 21 24 20 7 2 36 38 37 18 13 23 22 0 16 41 25 48 49 52 51 33 27 46 45 42 47 44 43 
12646 43 7 5 38 4 2 16 35 20 11 10 12 14 13 17 32 31 29 28 27 26 8 9 1 41 45 42 46 40 19 18 15 37 44 34 50 49 52 48 24 22 47 25 36 39 6 51 33 30 0 3 23 21 
12522 31 20 39 45 44 43 42 25 26 29 28 48 49 52 51 50 18 15 9 7 12 38 4 1 0 24 33 30 10 14 6 5 8 13 36 35 19 2 17 37 40 27 11 16 23 21 22 46 41 47 3 34 32 
10629 3 2 13 15 35 40 38 18 19 33 31 25 27 29 50 48 49 52 51 34 30 4 1 6 9 0 36 37 10 12 14 17 39 21 20 24 22 28 47 42 46 43 45 41 44 23 32 26 7 5 8 16 11 
11410 5 8 4 14 24 23 22 21 39 35 36 10 11 17 15 18 41 46 44 34 51 50 49 52 48 29 28 25 27 1 13 9 33 31 30 32 43 42 47 45 12 37 19 16 38 40 20 26 0 3 2 7 6 
11177 43 45 28 27 29 25 26 2 16 20 12 46 41 47 37 35 40 21 24 23 19 18 15 9 7 51 48 49 52 50 31 33 32 30 3 1 0 22 39 36 38 4 42 34 6 5 8 14 13 17 11 10 44 
13538 24 18 8 2 0 13 36 27 26 7 6 12 14 21 39 37 35 4 5 9 31 11 44 23 22 19 15 52 50 48 49 51 41 43 34 33 30 3 16 20 10 32 28 25 29 17 40 38 1 45 42 47 46 
11818 28 25 40 8 33 31 30 2 16 52 51 50 48 49 24 22 39 38 36 12 41 47 43 45 42 46 44 20 29 26 6 4 18 17 15 35 21 23 11 10 14 0 37 19 1 9 7 5 3 13 34 32 27 
11882 16 15 19 3 4 8 9 7 6 5 17 30 36 47 44 32 28 25 29 24 22 20 39 37 40 2 1 0 10 12 13 34 26 27 52 48 49 51 50 33 31 11 14 45 41 43 42 46 23 21 38 35 18 
10939 12 14 20 9 5 8 7 6 0 36 35 40 32 33 31 26 27 28 25 29 39 37 18 17 11 3 4 46 43 45 30 2 13 10 24 22 21 38 15 19 16 23 42 41 47 44 34 52 51 50 48 49 1 
12156 34 37 16 41 44 32 31 30 36 38 46 43 47 42 7 6 9 35 39 45 17 11 13 12 14 20 21 22 28 26 3 2 1 40 33 25 27 29 50 52 51 49 48 19 18 5 8 0 10 24 23 15 4 
13217 13 15 19 18 5 8 2 0 11 10 12 44 41 47 23 6 9 3 1 32 33 31 28 26 4 16 21 20 24 22 39 36 35 38 37 17 27 42 7 40 46 34 30 51 50 49 52 48 29 25 14 43 45 
11540 16 11 33 31 28 25 29 34 32 30 45 41 47 22 15 27 26 6 5 9 7 51 49 52 50 48 18 37 40 36 10 38 4 1 8 0 3 13 12 14 44 43 42 46 35 19 23 24 21 20 39 2 17 
12288 1 9 7 6 8 16 21 11 3 35 17 15 38 45 23 24 19 5 2 0 4 47 25 29 28 31 26 27 52 50 48 49 51 44 41 43 42 46 14 20 22 33 30 36 37 18 10 12 13 34 32 39 40 
11161 18 17 11 10 12 14 15 1 41 25 23 21 38 4 19 16 36 35 45 44 43 42 47 46 37 7 6 5 8 0 13 34 32 20 9 26 27 29 28 51 48 49 52 50 33 31 30 3 2 24 22 39 40 
14199 45 12 14 24 19 8 9 6 5 34 50 30 40 22 46 23 20 11 10 41 7 21 16 15 35 27 0 44 43 42 17 33 31 28 49 52 51 48 29 25 26 3 4 1 13 18 37 39 38 36 32 2 47 
13429 1 6 9 8 34 33 17 16 15 21 22 47 18 23 20 39 10 12 14 45 3 5 51 48 49 52 50 31 25 29 26 7 2 37 40 24 11 0 36 19 27 44 41 43 42 46 13 35 32 28 30 38 4 
11854 19 1 10 3 2 17 15 9 29 26 25 27 28 50 52 51 48 49 24 18 30 0 4 7 12 14 36 38 45 43 41 47 46 37 16 11 13 35 40 8 6 5 33 21 39 34 32 31 42 44 23 20 22 
10722 45 47 24 22 39 19 16 11 13 33 31 26 27 29 28 8 9 7 6 5 2 0 14 41 49 50 52 51 48 25 3 4 1 10 12 38 35 37 15 18 17 23 20 21 46 43 42 44 34 32 30 36 40 
12739 27 29 28 21 22 39 40 45 46 43 47 5 36 18 16 32 26 25 50 52 51 49 48 13 12 14 10 11 2 15 37 38 42 19 3 33 31 30 9 8 0 35 24 1 41 44 34 6 7 4 17 23 20 
12617 10 14 11 3 4 37 35 40 21 24 18 7 6 5 8 36 38 44 22 47 45 34 19 0 12 41 2 9 33 26 17 16 15 1 13 23 20 39 42 46 43 32 30 25 27 29 28 48 49 52 51 50 31 
11919 42 45 36 40 18 17 11 1 0 10 14 34 30 41 43 47 46 44 32 33 27 29 52 51 48 49 50 12 21 22 6 5 8 9 7 3 4 2 23 19 16 15 37 35 39 38 13 20 24 31 26 28 25 
11667 51 50 49 48 29 26 25 27 21 19 18 16 24 22 47 23 3 13 38 2 1 8 6 9 7 5 43 46 45 41 20 39 37 10 11 17 33 31 30 0 32 28 35 40 44 42 15 36 4 12 14 34 52 
10649 27 29 28 20 21 23 32 33 31 24 22 0 3 10 11 17 16 46 45 42 19 15 37 35 2 13 12 38 36 39 18 1 44 43 41 47 30 14 40 4 34 6 9 8 7 5 51 49 52 50 48 26 25 
10368 2 1 0 36 32 33 31 26 14 13 23 20 21 27 50 48 49 52 51 29 28 25 12 4 24 42 34 30 11 10 18 17 16 22 19 15 37 35 40 39 38 45 47 46 44 41 43 7 5 8 6 9 3 
12144 25 27 29 28 12 44 42 35 19 1 3 2 22 21 20 7 6 48 49 52 51 50 33 8 13 10 14 41 45 17 15 37 39 36 40 24 23 47 46 43 34 18 16 11 4 9 5 0 38 32 30 31 26 
9332 39 4 3 49 50 52 51 48 28 25 26 27 29 24 22 19 18 17 15 37 36 35 38 10 11 16 23 20 13 7 6 5 9 8 2 1 0 40 21 47 43 42 46 45 41 44 34 32 33 31 30 12 14 
12035 29 28 52 50 48 49 51 46 37 19 16 11 12 33 31 30 34 32 22 41 42 18 23 20 24 1 0 14 43 45 44 7 6 5 8 3 13 10 47 40 17 15 39 36 38 4 21 9 2 35 27 26 25 
12088 7 6 5 9 33 30 16 21 24 22 42 41 45 34 31 35 1 13 10 14 11 2 12 46 43 47 44 23 8 0 3 52 51 50 49 48 29 28 39 36 32 25 27 26 4 40 37 18 19 17 15 38 20 
10051 9 8 7 6 5 3 2 21 24 22 34 35 38 36 37 39 46 43 41 47 44 23 20 40 45 42 1 0 4 19 18 17 16 15 52 50 48 49 51 28 25 26 27 29 33 32 31 30 13 11 10 12 14 
11636 26 3 2 41 46 43 7 6 5 9 12 38 22 47 42 18 1 13 11 10 32 33 31 25 27 29 14 20 24 45 44 23 21 8 17 16 19 39 40 4 34 50 52 51 49 48 28 30 0 15 37 36 35 
13136 3 12 36 29 25 5 2 1 34 32 31 20 24 11 10 39 40 8 51 48 49 52 50 27 26 13 14 35 38 41 47 44 22 17 15 37 18 19 33 43 42 46 45 23 28 21 9 7 6 30 0 4 16 
12269 19 25 27 52 50 31 30 6 8 16 37 36 10 38 45 41 43 46 44 23 24 22 0 39 4 17 3 13 12 14 11 1 2 15 35 40 47 42 7 5 9 33 29 28 51 49 48 26 34 32 21 20 18 
12641 39 4 8 6 9 2 3 10 12 38 37 19 17 41 43 46 45 14 24 23 22 47 18 52 50 48 49 51 29 44 30 36 40 32 31 33 27 28 25 26 5 0 11 16 15 1 42 7 21 20 13 34 35 
11042 46 44 43 4 1 13 10 14 16 11 3 2 0 35 37 40 29 50 52 51 49 48 28 25 27 26 41 42 45 34 33 31 30 23 20 21 22 19 6 9 8 7 5 12 38 36 32 24 39 17 15 18 47 
11071 19 16 23 20 24 39 37 1 40 38 45 42 47 6 5 9 8 4 2 3 10 12 14 11 13 17 15 32 33 26 0 36 35 18 7 22 46 43 41 44 34 30 49 51 48 52 50 31 25 27 29 28 21 
12250 41 43 37 40 38 4 8 3 12 19 16 23 32 25 11 13 15 35 2 20 45 42 47 46 36 10 14 24 18 0 9 7 5 34 52 50 49 51 48 29 28 27 26 17 22 44 21 39 6 33 31 30 1 
13683 18 15 4 10 12 14 45 24 39 40 32 26 25 29 5 13 38 37 21 19 11 0 35 20 27 28 50 48 49 51 23 36 44 43 41 47 42 7 6 9 8 3 16 22 46 1 17 33 31 30 2 34 52 
11062 32 33 31 30 0 14 24 39 37 8 9 6 50 48 49 52 51 45 41 42 44 11 2 17 47 46 43 7 5 1 3 13 4 34 15 19 18 16 36 10 12 38 35 40 21 23 22 20 26 27 29 28 25 
12720 38 6 9 0 3 23 18 41 47 44 27 28 31 30 21 24 22 43 45 46 35 40 37 19 16 10 20 7 5 8 39 42 34 32 33 25 29 26 12 36 4 1 13 14 11 2 50 52 51 49 48 17 15 
13172 15 40 21 24 22 18 16 26 25 28 52 51 48 49 50 33 32 6 8 2 0 12 38 35 10 20 39 44 23 42 7 13 36 37 19 1 14 29 27 46 34 31 30 17 11 9 5 3 41 47 43 45 4 
10796 39 40 4 35 45 44 46 43 41 47 42 38 36 37 18 8 3 1 0 14 11 34 19 16 10 12 13 9 7 6 5 2 33 31 30 32 26 25 29 28 52 50 49 51 48 27 15 17 22 21 24 23 20 
12744 44 32 25 26 23 24 34 51 48 49 52 50 19 8 9 7 6 5 36 39 10 11 0 4 22 20 27 29 3 2 16 43 46 37 35 40 31 30 12 13 17 33 28 21 14 15 18 1 41 47 42 38 45 

S runs for 50 runs:
14026 13 45 34 26 29 28 49 52 50 33 27 43 42 6 5 16 10 12 38 37 35 40 20 8 11 3 32 30 14 41 24 19 7 51 48 25 4 2 17 15 1 9 31 21 39 36 18 47 46 44 23 22 0 
12196 21 7 8 3 12 35 43 32 31 5 9 1 0 2 17 13 10 38 36 40 27 26 25 29 28 52 50 48 49 51 45 41 42 46 44 24 22 19 16 11 14 4 20 37 23 47 34 6 33 30 39 18 15 
14198 24 43 40 18 19 25 26 5 9 14 34 30 4 2 37 32 41 7 12 11 17 22 15 35 39 45 47 46 3 0 36 10 20 38 33 27 28 51 49 52 50 48 29 13 16 23 44 42 1 8 6 31 21 
12428 14 39 40 37 19 7 5 3 12 45 44 47 46 43 49 50 52 51 48 29 28 25 26 16 18 11 38 35 24 23 8 6 9 30 2 13 15 1 41 42 27 0 36 4 17 33 31 22 34 32 21 20 10 
14865 8 0 1 44 34 32 33 3 23 39 37 47 28 52 51 49 48 29 27 30 7 5 14 31 21 42 46 43 12 15 40 19 17 16 10 38 35 6 50 25 26 4 2 11 13 45 41 24 22 20 36 18 9 
13288 9 8 15 19 1 36 40 20 2 17 31 47 46 39 6 44 41 45 42 18 3 13 12 38 23 22 28 52 51 48 49 50 33 32 27 29 24 21 35 37 16 10 34 30 0 4 25 26 11 14 43 7 5 
15914 27 20 9 7 15 36 32 31 3 47 19 8 5 51 52 34 30 4 28 26 6 33 1 10 14 38 42 18 16 35 49 48 24 39 44 23 22 0 13 12 11 2 17 37 40 21 46 45 41 43 50 29 25 
14557 44 32 25 17 47 42 7 5 9 11 10 40 37 33 30 1 38 22 16 23 27 28 35 45 43 6 51 49 52 50 48 26 20 21 24 19 8 2 0 4 41 46 36 31 29 3 14 13 34 39 18 15 12 
13919 42 47 46 15 40 28 26 13 9 0 35 39 32 33 25 7 4 2 12 45 44 18 6 8 10 41 34 38 21 11 20 27 29 52 51 48 49 50 31 30 3 14 24 23 5 1 36 37 16 22 19 17 43 
15520 25 47 7 30 1 40 16 24 22 18 23 29 51 49 52 50 10 14 21 43 41 42 46 37 8 9 31 28 26 3 0 36 35 44 19 17 39 6 5 2 32 33 27 45 34 48 15 20 11 13 12 38 4 
12865 52 51 33 31 29 3 44 34 32 30 4 24 22 45 1 0 13 8 7 5 12 42 6 2 17 16 15 39 36 40 38 25 47 46 43 23 19 9 14 35 37 18 20 21 11 10 41 26 27 28 50 48 49 
14732 22 20 7 9 33 26 47 38 4 2 6 5 1 36 43 44 34 28 8 3 16 13 17 41 46 23 24 19 18 15 35 32 29 30 0 21 42 25 27 51 50 48 49 52 31 45 14 11 10 12 37 39 40 
14097 22 45 44 34 51 48 29 27 35 21 9 0 11 13 14 24 47 7 5 1 10 12 15 52 49 50 32 26 39 38 43 30 3 2 37 18 19 23 46 41 42 6 8 33 31 25 28 20 36 40 4 17 16 
13026 12 39 40 37 19 17 24 32 31 33 27 29 28 50 49 44 46 41 42 6 9 11 14 20 36 21 23 13 16 15 1 8 34 30 0 35 38 45 43 7 5 51 48 52 18 2 3 10 4 22 47 25 26 
14106 44 23 22 10 51 50 49 52 25 26 12 35 37 17 24 11 3 2 43 45 7 6 9 30 18 19 16 15 36 42 8 5 48 29 20 21 39 38 1 0 14 13 34 33 31 27 28 40 4 32 46 41 47 
11935 28 31 46 45 44 34 51 49 52 50 48 29 26 25 27 42 41 47 23 39 35 18 19 0 3 13 15 38 2 20 24 22 43 6 9 37 32 33 30 4 1 8 5 7 21 11 10 12 17 16 14 36 40 
13582 21 46 44 32 31 13 36 24 16 52 51 48 49 50 33 39 38 14 20 22 19 18 7 12 45 43 41 47 34 26 25 29 28 27 42 23 4 1 0 37 9 30 2 17 15 40 3 6 5 8 11 10 35 
12821 11 13 9 36 4 1 8 0 3 2 43 42 46 41 47 44 23 39 40 19 31 7 6 51 50 30 12 16 22 18 17 15 37 34 32 33 25 10 35 38 45 24 21 20 5 48 49 52 29 28 27 26 14 
14262 52 50 48 19 17 16 11 36 35 27 46 41 42 7 5 33 30 45 23 39 26 13 10 12 37 4 22 21 47 28 20 6 9 2 0 34 31 14 40 18 1 8 15 38 44 43 3 24 32 25 29 51 49 
14429 1 14 11 26 25 29 28 50 49 51 42 47 35 20 6 9 3 15 31 21 23 12 45 43 44 34 32 24 22 18 37 38 36 27 52 48 7 5 8 10 41 46 2 0 13 19 16 39 40 4 17 33 30 
15275 2 15 21 19 18 3 1 43 5 50 48 49 52 51 42 35 38 32 29 26 4 22 47 44 20 14 37 17 16 23 31 25 34 36 12 24 9 7 0 41 10 11 13 33 30 8 6 46 45 39 40 27 28 
14553 26 4 22 21 18 16 38 46 5 8 14 24 47 45 41 43 37 7 2 23 42 34 49 52 50 33 31 27 28 11 3 1 9 0 36 35 40 19 20 39 32 30 13 17 15 25 6 10 12 44 51 48 29 
12650 17 33 31 30 8 2 16 47 37 35 27 29 25 26 0 4 22 39 43 9 5 51 49 52 50 48 28 10 38 41 42 46 34 32 21 20 23 19 18 15 1 6 13 12 14 36 45 44 7 3 40 24 11 
14682 15 21 19 6 41 43 46 40 10 12 39 28 25 27 7 13 11 2 33 26 51 50 9 8 3 38 37 23 47 44 34 32 22 16 14 36 4 1 0 35 45 42 20 24 18 5 49 52 48 29 31 30 17 
15806 50 48 28 25 42 6 5 32 21 46 37 17 11 13 38 49 18 0 40 20 27 26 41 47 7 10 12 33 30 3 9 2 16 23 35 45 1 8 15 39 4 24 22 19 31 29 14 36 43 44 34 52 51 
13996 51 26 3 2 1 21 38 45 44 41 47 7 5 16 11 4 31 25 27 28 52 48 49 50 33 30 40 37 10 14 42 18 23 32 20 24 39 6 9 8 13 12 46 36 35 19 17 15 29 0 22 43 34 
15044 31 21 29 28 26 3 16 37 24 46 43 41 47 8 10 12 14 38 18 52 50 49 27 0 40 19 5 33 11 2 4 22 20 36 45 44 34 32 30 17 15 35 39 1 42 23 9 6 51 48 25 7 13 
12942 9 14 35 21 39 10 13 26 27 29 28 22 19 17 43 47 44 20 24 37 8 6 5 51 50 48 49 52 33 31 7 2 23 11 41 18 15 38 36 32 30 0 4 3 12 16 40 25 42 46 45 34 1 
15283 29 24 23 43 42 9 5 51 46 34 33 26 27 47 45 19 1 6 31 17 16 15 10 49 52 50 48 25 28 20 22 0 36 4 44 8 12 21 39 40 18 41 7 2 11 13 14 38 37 32 30 3 35 
14422 19 18 9 7 6 8 14 39 36 31 27 20 21 11 0 47 32 30 3 34 5 16 22 25 38 45 44 42 46 35 40 2 1 13 23 33 29 28 15 37 10 12 4 17 41 43 49 52 51 50 48 26 24 
13408 47 18 15 21 24 19 11 38 7 6 30 0 14 20 22 23 32 31 4 8 13 16 35 45 43 44 34 40 39 9 33 25 27 10 37 1 46 42 5 51 48 49 52 50 29 28 26 3 2 17 12 36 41 
13096 18 5 13 24 19 1 6 10 37 35 40 22 47 28 27 26 11 3 2 41 7 36 38 45 21 29 50 48 49 52 51 33 30 17 16 23 9 8 0 12 14 20 25 43 42 46 44 34 32 31 39 4 15 
13578 42 46 45 14 12 36 40 37 22 19 8 9 7 6 51 48 49 50 31 25 26 23 20 39 17 15 34 30 13 16 5 33 27 29 52 28 21 38 2 41 43 44 32 24 18 11 10 0 35 4 3 1 47 
13445 36 35 37 9 2 23 24 22 19 1 0 3 12 47 46 7 51 49 52 50 48 29 25 27 6 30 40 42 18 17 15 21 45 34 32 20 38 43 13 10 14 39 4 44 41 28 5 8 33 31 26 16 11 
12696 39 32 29 28 16 35 38 45 46 37 4 21 7 6 5 1 41 43 49 48 52 51 50 30 2 17 14 20 24 23 22 47 44 42 36 19 9 3 33 31 25 27 26 0 13 12 11 34 18 8 10 15 40 
13151 11 15 19 18 7 51 49 52 50 48 25 12 37 40 38 31 30 3 2 20 39 35 29 28 47 43 5 14 16 41 42 45 44 34 26 27 1 8 6 9 36 10 13 17 24 22 46 0 4 23 32 33 21 
15662 39 10 9 2 1 0 4 27 3 41 18 6 5 51 50 48 28 25 26 46 43 23 22 15 37 8 13 14 42 32 33 31 29 52 30 40 38 17 11 12 20 7 34 19 16 36 35 45 47 49 24 44 21 
12606 18 31 27 28 0 36 10 13 4 34 32 33 25 29 15 37 41 43 46 44 23 22 20 39 38 19 16 11 1 8 9 7 51 48 49 52 50 26 6 5 3 12 21 24 47 42 35 2 17 30 40 45 14 
14078 35 4 3 2 33 21 19 15 23 20 46 7 6 5 12 45 47 28 52 48 49 50 31 26 16 43 9 51 18 1 8 13 10 32 25 27 29 0 40 17 11 14 24 22 39 37 38 42 41 44 34 30 36 
13418 38 45 44 41 28 16 21 9 7 5 4 1 14 20 24 43 42 6 40 37 32 31 26 27 29 51 50 48 49 52 33 30 2 18 46 34 25 47 36 22 19 23 8 11 13 17 15 39 10 12 3 0 35 
12858 51 48 28 25 26 7 33 30 37 16 11 12 43 47 29 24 22 36 18 17 10 14 38 4 19 23 21 39 35 45 46 41 42 5 8 9 1 32 31 27 6 3 2 0 40 20 13 15 44 34 52 50 49 
15837 17 35 18 41 47 7 48 52 51 50 15 40 38 42 31 30 2 37 29 28 21 24 22 46 4 5 10 14 20 39 45 43 26 3 12 36 19 16 11 8 6 49 33 27 1 9 13 23 44 34 32 25 0 
13950 24 42 37 39 6 9 13 17 33 20 8 36 4 22 21 14 41 47 15 35 25 7 5 51 49 52 50 48 27 26 16 12 38 45 43 46 32 31 30 0 18 11 40 44 34 2 23 19 28 29 3 1 10 
13048 19 17 33 0 3 10 16 15 39 18 23 20 11 14 6 5 9 31 25 27 28 50 48 49 52 51 45 41 42 44 32 30 40 2 1 8 29 26 13 34 37 35 21 24 38 4 43 7 12 36 22 47 46 
14000 12 14 20 5 51 49 52 50 48 29 25 17 30 4 47 43 45 2 23 37 9 28 27 26 15 35 40 41 34 18 16 1 8 13 10 38 21 24 19 42 46 32 22 0 3 36 44 7 6 33 31 39 11 
13493 28 20 45 17 16 11 1 6 5 50 48 49 52 51 24 22 43 44 39 18 19 26 2 0 10 13 8 9 33 30 15 23 42 34 7 12 41 47 46 37 21 29 14 38 35 40 4 3 36 32 31 25 27 
13931 52 50 48 49 22 11 10 12 35 45 46 41 6 33 26 25 27 0 7 5 51 30 14 39 38 47 19 16 20 24 9 3 17 15 37 40 4 1 8 2 13 23 21 43 42 34 32 31 44 18 36 29 28 
15181 25 6 12 38 40 16 22 44 46 3 13 9 0 31 30 19 49 51 45 34 15 37 35 36 10 17 23 27 28 21 24 47 2 1 7 5 50 52 48 29 26 4 18 11 14 20 39 41 43 42 8 33 32 
13266 40 18 41 44 24 22 28 13 11 3 1 0 36 32 33 26 29 51 49 52 50 48 25 31 30 37 19 43 42 47 23 21 39 6 9 4 2 17 16 15 38 45 20 7 5 12 35 27 46 34 8 10 14 
13541 25 27 29 20 39 21 24 22 47 42 7 6 9 11 10 38 36 35 40 26 28 52 51 48 2 17 12 46 44 34 30 18 16 41 23 19 5 3 14 13 15 8 49 50 33 32 31 43 45 1 0 37 4 

