Problem ATSP/br17.atsp:
R runs for 10 seconds:
45
45
45
47
47
46
45
49
43
47

RW runs for 10 seconds:
46
41
47
44
42
45
46
48
42
42

H runs for 10 seconds:
40
39
39
39
39
39
39
39
40
39

G runs for 10 seconds:
39
39
39
39
39
39
39
39
39
39

S runs for 10 seconds:
39
39
39
39
39
39
39
39
39
39

Problem ATSP/ftv33.atsp:
R runs for 10 seconds:
2956
3024
3029
3016
2857
3032
2937
2841
2913
2989

RW runs for 10 seconds:
3022
2900
2987
2980
2906
2809
2980
2945
3000
2972

H runs for 10 seconds:
1858
1830
1882
1802
1842
1804
1789
1857
1753
1822

G runs for 10 seconds:
1316
1374
1334
1298
1298
1298
1363
1298
1359
1354

S runs for 10 seconds:
1437
1365
1458
1387
1418
1415
1444
1446
1455
1381

Problem ATSP/ftv38.atsp:
R runs for 10 seconds:
3628
3623
3662
3520
3605
3741
3497
3728
3755
3420

RW runs for 10 seconds:
3702
3564
3499
3485
3504
3602
3658
3616
3689
3734

H runs for 10 seconds:
2082
2035
2018
2159
2067
2091
2148
2106
2142
2108

G runs for 10 seconds:
1633
1647
1704
1626
1667
1721
1699
1681
1632
1689

S runs for 10 seconds:
1788
1921
1663
1708
1680
1762
1789
1821
1721
1846

Problem ATSP/ft53.atsp:
R runs for 10 seconds:
19803
19499
19692
19646
20191
19638
20260
19913
19881
19869

RW runs for 10 seconds:
19423
19016
19779
19125
19915
19451
19666
18664
19433
19199

H runs for 10 seconds:
10550
10504
10540
10067
10729
9945
10401
10393
10382
10258

G runs for 10 seconds:
9150
9866
8903
9554
9364
9602
8758
9633
9256
9653

S runs for 10 seconds:
10720
11101
10957
10670
10914
11573
11115
11190
11148
10547

Problem ATSP/ftv55.atsp:
R runs for 10 seconds:
5359
5591
5539
5600
5506
5411
5550
5634
5647
5619

RW runs for 10 seconds:
5510
5447
5631
5462
5591
5410
5523
5477
5397
5580

H runs for 10 seconds:
2659
2610
2487
2638
2444
2423
2635
2598
2423
2546

G runs for 10 seconds:
2358
2288
2357
2132
2310
2378
2360
2110
2242
2346

S runs for 10 seconds:
2826
2804
2760
2699
2574
2762
2731
2771
2647
2537

Problem ATSP/ft70.atsp:
R runs for 10 seconds:
63743
63491
62760
62627
63486
62540
62833
62864
62944
63430

RW runs for 10 seconds:
63116
62983
63066
62791
63034
62916
63705
62598
63572
63477

H runs for 10 seconds:
45072
45942
46157
46301
45789
45528
45867
45986
45340
45898

G runs for 10 seconds:
48019
47491
48061
48250
47721
48098
48145
47331
48104
48592

S runs for 10 seconds:
49723
51852
51022
50022
49892
50526
49367
49239
49694
49687

Problem ATSP/kro124p.atsp:
R runs for 10 seconds:
147368
152758
150487
149704
151309
149916
151171
151832
147161
144630

RW runs for 10 seconds:
148997
144192
149419
149144
150967
148875
152122
150534
151432
149946

H runs for 10 seconds:
54968
52164
54863
53241
55275
55624
54280
54263
54249
55404

G runs for 10 seconds:
44474
46152
42948
44752
44140
45829
43769
44023
41784
43883

S runs for 10 seconds:
46611
45258
48704
50106
52640
48228
47970
48202
50471
52190

