Problem ATSP/br17.atsp:
H runs for 1 seconds:
40
40
40
40
40
40
41
39
40
41

R runs for 1 seconds:
55
51
55
50
52
55
55
50
55
49

RW runs for 1 seconds:
49
50
47
51
51
47
51
48
50
45

G runs for 1 seconds:
39
39
39
39
39
39
39
39
39
39

S runs for 1 seconds:
39
39
39
39
39
39
39
39
39
39

Problem ATSP/ft53.atsp:
H runs for 1 seconds:
10742
10855
10780
10662
11516
10937
10228
10398
10940
11263

R runs for 1 seconds:
20661
20197
20262
20089
20693
20205
20869
19897
20302
20308

RW runs for 1 seconds:
20223
19299
20328
20305
20372
20406
20104
19456
20453
19775

G runs for 1 seconds:
10954
10834
10609
10808
10866
11122
11372
10810
11155
10667

S runs for 1 seconds:
10865
10606
10373
10044
10423
10066
9958
9842
10161
9794

Problem ATSP/ft70.atsp:
H runs for 1 seconds:
47101
45988
46647
46724
46284
46905
45993
46158
46146
47397

R runs for 1 seconds:
63931
63897
63871
64353
64124
64762
64937
64448
63113
64603

RW runs for 1 seconds:
64332
63977
64517
62124
63855
64990
64020
64773
63654
63404

G runs for 1 seconds:
50818
50376
50938
51403
50085
50252
50606
50657
51216
51110

S runs for 1 seconds:
44136
45023
43940
44548
45510
44279
44878
45729
45204
44022

Problem ATSP/ftv33.atsp:
H runs for 1 seconds:
1927
1809
1871
1952
1836
1953
2018
1911
1799
1888

R runs for 1 seconds:
3206
3144
3079
3161
3044
3127
3140
3123
3143
3125

RW runs for 1 seconds:
3101
3061
3134
2978
3078
3154
3024
2964
3059
3154

G runs for 1 seconds:
1372
1353
1353
1372
1372
1341
1399
1372
1372
1372

S runs for 1 seconds:
1341
1409
1403
1435
1396
1397
1400
1365
1373
1423

Problem ATSP/ftv38.atsp:
H runs for 1 seconds:
2248
2234
2260
2140
2172
2235
2193
2159
2130
2295

R runs for 1 seconds:
3787
3740
3792
3685
3758
3841
3879
3822
3701
3865

RW runs for 1 seconds:
3741
3790
3834
3753
3678
3675
3894
3795
3767
3801

G runs for 1 seconds:
1634
1658
1667
1672
1641
1667
1637
1663
1655
1636

S runs for 1 seconds:
1684
1702
1708
1700
1658
1672
1678
1619
1623
1674

Problem ATSP/ftv55.atsp:
H runs for 1 seconds:
2714
2760
2775
2709
2545
2737
2760
2629
2839
2768

R runs for 1 seconds:
5712
5799
5812
5824
5504
5493
5802
5794
5617
5665

RW runs for 1 seconds:
5796
5538
5691
5769
5671
5675
5637
5520
5615
5686

G runs for 1 seconds:
1834
1892
1753
1984
1779
1833
1959
1834
1831
1896

S runs for 1 seconds:
1854
1850
2008
1770
1788
1888
1861
1736
1925
1928

Problem ATSP/kro124p.atsp:
H runs for 1 seconds:
57363
57048
56161
54909
54918
57805
56591
56340
56655
57611

R runs for 1 seconds:
153962
153212
155662
155234
147954
158360
154175
155270
152761
154718

RW runs for 1 seconds:
156023
156381
151559
158119
152748
153601
153738
153510
154540
155851

G runs for 1 seconds:
37771
38262
37881
38441
38700
38775
38126
38020
38189
37705

S runs for 1 seconds:
39541
38530
40089
38394
39582
37680
38719
39557
41123
38881

