Problem ATSP/br17.atsp:
H runs for 10 seconds:
39
39
40
39
39
39
39
39
39
39

R runs for 10 seconds:
49
46
43
50
42
47
45
45
46
49

RW runs for 10 seconds:
41
46
44
44
47
41
46
41
45
42

G runs for 10 seconds:
39
39
39
39
39
39
39
39
39
39

S runs for 10 seconds:
39
39
39
39
39
39
39
39
39
39

Problem ATSP/ft53.atsp:
H runs for 10 seconds:
10527
10486
10471
10336
10155
10575
10555
10378
10019
10619

R runs for 10 seconds:
19022
19477
19715
19555
19747
19313
19612
19259
20041
19360

RW runs for 10 seconds:
19213
19623
19301
19436
19274
19627
19113
19060
19701
19556

G runs for 10 seconds:
9764
10593
10649
10828
10451
10545
10126
10643
10178
10369

S runs for 10 seconds:
9688
9379
9570
9425
9649
8845
9473
9748
9872
9388

Problem ATSP/ft70.atsp:
H runs for 10 seconds:
45194
46036
46094
45696
45497
45865
45495
45919
46174
45865

R runs for 10 seconds:
63738
63687
63295
63520
63143
62699
62821
63131
62348
63315

RW runs for 10 seconds:
61110
63613
62286
63273
63267
62277
62837
63612
63572
63258

G runs for 10 seconds:
48863
49527
49155
49546
49656
49129
49285
48365
49921
49614

S runs for 10 seconds:
43982
43090
43391
44233
42639
42747
44254
43884
43187
42943

Problem ATSP/ftv33.atsp:
H runs for 10 seconds:
1682
1757
1757
1821
1743
1781
1855
1798
1838
1892

R runs for 10 seconds:
2961
3059
2980
3026
2959
3009
2965
3070
3032
2933

RW runs for 10 seconds:
2970
2960
3016
2941
2856
2953
3021
2927
2909
2948

G runs for 10 seconds:
1341
1341
1353
1353
1341
1353
1370
1341
1340
1341

S runs for 10 seconds:
1371
1341
1353
1353
1353
1372
1353
1341
1375
1370

Problem ATSP/ftv38.atsp:
H runs for 10 seconds:
2106
2089
2082
2159
2109
2092
2112
2012
2105
2176

R runs for 10 seconds:
3508
3616
3559
3642
3636
3651
3545
3681
3691
3723

RW runs for 10 seconds:
3674
3570
3584
3573
3661
3716
3521
3691
3580
3630

G runs for 10 seconds:
1638
1638
1612
1634
1635
1602
1636
1589
1627
1594

S runs for 10 seconds:
1641
1638
1636
1636
1627
1618
1618
1620
1647
1609

Problem ATSP/ftv55.atsp:
H runs for 10 seconds:
2525
2525
2549
2585
2580
2655
2622
2554
2378
2526

R runs for 10 seconds:
5488
5665
5551
5536
5496
5590
5550
5388
5470
5620

RW runs for 10 seconds:
5561
5309
5497
5526
5518
5480
5635
5553
5097
5307

G runs for 10 seconds:
1806
1814
1815
1794
1798
1835
1780
1780
1814
1774

S runs for 10 seconds:
1778
1765
1661
1743
1731
1743
1787
1798
1758
1811

Problem ATSP/kro124p.atsp:
H runs for 10 seconds:
53373
56481
53515
55153
53914
56099
55314
55470
55151
54601

R runs for 10 seconds:
151147
151076
150916
151464
152361
151866
151641
147327
152064
150409

RW runs for 10 seconds:
152151
143545
151610
153083
149683
152846
151292
151003
151944
149629

G runs for 10 seconds:
38088
37860
37519
37945
37462
37308
37793
37697
37413
37383

S runs for 10 seconds:
38536
38430
37883
38630
37216
38284
37604
37289
38242
37684

