Problem ATSP/br17.atsp:
TS runs for 10 seconds:
avg_evals: 1484075 sd: 47622
39 39 0 39 36332mics 2464mics 0 11 2 13 10 12 9 1 5 14 15 6 4 3 16 7 8 

SA runs for 10 seconds:
avg_evals: 14348972 sd: 225794
39 39 0 39 31943mics 3290mics 11 13 2 9 10 12 1 16 8 7 4 3 5 15 6 14 0 

G runs for 10 seconds:
avg_steps: 16 sd: 3
avg_evals: 15578168 sd: 3191968
39 39 0 39 314mics 153mics 15 5 6 4 3 8 7 16 10 9 1 12 2 13 11 0 14 

Problem ATSP/ftv33.atsp:
TS runs for 10 seconds:
avg_evals: 965199 sd: 113456
1302 1629 154 2078 608325mics 248894mics 0 16 15 14 12 13 1 25 24 23 27 28 29 26 22 20 21 31 18 19 17 11 8 10 9 32 7 4 6 5 30 33 2 3 

SA runs for 10 seconds:
avg_evals: 8786365 sd: 819077
1404 1846 157 2370 122835mics 24333mics 2 3 9 12 14 15 16 1 25 24 23 26 27 28 29 22 20 21 31 18 19 17 11 8 10 13 0 32 7 4 6 5 30 33 

G runs for 10 seconds:
avg_steps: 57 sd: 9
avg_evals: 10348156 sd: 352889
1298 1781 169 2548 5892mics 1732mics 33 2 3 0 13 12 14 15 16 1 25 24 23 27 28 29 26 22 20 21 19 31 18 17 11 8 10 9 32 7 4 6 5 30 

Problem ATSP/ftv38.atsp:
TS runs for 10 seconds:
avg_evals: 1466751 sd: 70490
1684 2032 163 2488 560668mics 215001mics 20 21 22 23 24 25 26 33 28 27 30 31 32 34 35 38 2 4 6 7 5 37 9 11 16 14 17 18 19 0 29 1 3 15 8 10 12 13 36 

SA runs for 10 seconds:
avg_evals: 8180214 sd: 135666
1735 2266 177 2835 153907mics 12940mics 8 37 9 10 12 13 36 21 20 11 14 17 18 19 1 35 38 3 15 16 0 29 28 22 23 24 25 26 27 33 30 31 32 34 2 4 6 7 5 

G runs for 10 seconds:
avg_steps: 64 sd: 10
avg_evals: 9271583 sd: 161384
1637 2188 196 2991 9337mics 2670mics 4 8 37 9 10 12 15 6 7 5 11 14 17 18 19 1 3 16 0 29 28 27 20 13 36 21 22 23 24 25 26 30 31 32 33 34 38 35 2 

Problem ATSP/ry48p.atsp:
TS runs for 10 seconds:
avg_evals: 1504401 sd: 63138
14519 14967 261 15793 874958mics 283750mics 14 11 10 22 12 24 13 33 2 21 15 40 28 1 3 25 34 44 23 9 41 4 47 31 38 20 46 19 32 45 17 6 27 36 42 16 26 18 5 29 35 43 30 37 7 0 8 39 

SA runs for 10 seconds:
avg_evals: 6937944 sd: 136933
14742 15870 528 17980 236071mics 22116mics 10 22 2 21 15 40 33 13 24 12 31 23 9 44 34 3 25 41 1 28 4 47 38 20 46 19 32 45 43 35 6 27 36 18 26 16 42 29 5 17 30 37 7 0 8 39 14 11 

G runs for 10 seconds:
avg_steps: 133 sd: 13
avg_evals: 7601397 sd: 125881
14550 15700 501 18586 20455mics 5374mics 4 47 31 38 20 46 19 32 45 17 6 27 36 42 16 26 18 5 29 35 43 30 37 7 0 8 39 14 11 10 12 24 13 22 2 21 15 40 33 28 1 3 25 34 44 23 9 41 

Problem ATSP/ft53.atsp:
TS runs for 10 seconds:
avg_evals: 1514616 sd: 156860
9885 11940 980 14643 1380091mics 542634mics 50 29 28 25 27 26 7 6 5 8 0 19 1 41 43 47 37 35 4 22 20 24 21 11 10 12 38 36 39 18 23 42 45 34 32 33 31 30 3 13 14 17 16 15 40 44 46 2 9 51 48 49 52 

SA runs for 10 seconds:
avg_evals: 6476884 sd: 53520
10213 12388 923 15337 280363mics 23396mics 50 49 52 48 26 29 28 20 24 22 0 3 12 18 19 6 9 8 2 16 41 43 34 32 33 31 30 11 10 14 13 23 39 35 37 17 15 36 40 38 4 25 27 1 47 46 45 42 44 21 7 5 51 

G runs for 10 seconds:
avg_steps: 88 sd: 14
avg_evals: 6955958 sd: 149781
8979 12131 1085 16498 31012mics 9645mics 14 13 17 39 35 45 44 43 42 46 41 47 34 32 26 25 27 29 28 31 33 30 3 11 10 12 38 36 40 37 16 23 20 21 24 19 18 15 4 2 8 9 7 6 5 51 49 52 50 48 22 1 0 

Problem ATSP/ftv55.atsp:
TS runs for 10 seconds:
avg_evals: 1453735 sd: 52661
2421 2895 205 3385 1332341mics 433500mics 6 5 4 8 36 51 10 14 16 52 0 21 22 41 50 49 45 53 43 30 55 34 1 31 47 44 28 29 46 3 48 2 33 26 17 15 12 13 35 7 32 37 9 11 38 19 42 54 27 23 25 24 20 40 18 39 

SA runs for 10 seconds:
avg_evals: 6210480 sd: 55743
2463 3050 229 3812 313706mics 23911mics 37 36 9 7 35 4 8 10 12 16 55 34 46 27 49 43 28 53 44 26 52 23 24 42 50 54 17 15 14 51 11 32 13 6 5 3 48 1 2 0 33 31 47 45 30 29 25 40 41 21 22 20 19 18 39 38 

G runs for 10 seconds:
avg_steps: 93 sd: 12
avg_evals: 6578957 sd: 160393
2167 2937 265 3847 33659mics 9837mics 13 12 39 18 19 20 40 50 23 24 42 22 41 21 54 27 49 44 28 53 43 29 26 25 38 11 37 36 9 10 51 14 15 16 17 52 45 30 55 1 2 0 33 46 34 3 48 31 47 6 5 4 35 32 8 7 

Problem ATSP/ft70.atsp:
TS runs for 10 seconds:
avg_evals: 1595252 sd: 211742
48130 50807 1372 54103 3088140mics 1135565mics 22 24 2 1 38 35 41 26 58 15 9 30 29 12 10 20 17 21 33 31 60 61 23 52 25 3 46 43 49 14 13 5 4 37 69 65 68 67 63 66 64 36 39 56 53 11 8 34 32 0 45 57 48 16 19 47 55 50 18 62 59 7 6 27 28 54 51 42 40 44 

SA runs for 10 seconds:
avg_evals: 5125216 sd: 84086
47595 51820 1455 56221 494406mics 40988mics 13 4 22 25 3 26 2 28 15 17 14 5 11 8 7 60 34 10 20 29 23 57 43 46 45 49 48 6 12 9 56 50 18 62 61 58 44 16 31 37 69 67 65 68 66 63 64 36 42 35 38 39 41 40 19 55 53 52 54 59 51 32 27 21 24 33 30 47 1 0 

G runs for 10 seconds:
avg_steps: 98 sd: 14
avg_evals: 5321988 sd: 128249
46413 51670 1595 57076 78694mics 24253mics 39 37 69 67 65 68 66 63 64 48 5 27 28 55 57 44 46 45 62 61 58 4 2 1 0 56 16 15 31 36 42 41 40 51 17 3 54 52 25 24 29 23 50 19 32 22 21 26 9 38 35 13 14 12 11 8 7 34 30 60 59 10 43 49 47 53 18 33 6 20 

Problem ATSP/kro124p.atsp:
TS runs for 10 seconds:
avg_evals: 1516723 sd: 409993
44406 50404 3544 57019 7054478mics 2988327mics 69 64 65 3 96 30 88 7 66 27 92 60 86 50 80 68 63 53 39 1 81 94 12 75 32 36 4 51 95 77 29 47 13 40 99 70 2 28 54 26 34 61 76 97 90 44 46 0 89 78 17 15 21 87 93 52 25 55 74 79 41 57 24 72 49 43 67 38 84 8 33 45 42 82 6 56 11 19 85 59 22 31 14 16 10 20 58 73 71 37 23 98 35 83 9 62 5 48 91 18 

SA runs for 10 seconds:
avg_evals: 3899991 sd: 117241
45820 51767 2673 60394 1076517mics 88316mics 50 8 82 33 45 47 77 95 4 51 29 28 2 42 13 70 40 99 36 32 12 75 94 81 38 84 67 60 68 49 1 53 39 63 72 43 80 57 22 90 59 61 34 19 85 26 11 54 6 56 76 58 89 17 87 93 35 37 23 98 83 9 71 20 73 16 97 44 31 14 10 46 62 96 74 18 52 78 15 21 69 64 25 65 3 55 41 79 30 88 7 91 5 48 0 66 27 92 24 86 

G runs for 10 seconds:
avg_steps: 295 sd: 23
avg_evals: 3817061 sd: 90687
41322 49469 2754 57166 301297mics 84063mics 86 11 54 82 33 45 42 2 28 13 70 40 99 47 77 95 4 51 38 36 32 75 12 81 94 49 67 84 29 6 56 50 60 80 24 68 72 43 1 39 63 53 57 27 92 66 88 41 30 79 74 18 52 89 48 5 91 7 55 96 25 64 65 3 69 87 93 21 15 78 17 37 23 98 35 83 9 71 20 58 73 62 0 46 31 14 16 10 97 90 22 44 76 59 61 34 85 26 19 8 

