Problem ATSP/br17.atsp:
TS runs for 10 seconds:
avg_evals: 2056772 sd: 121837
39 39 0 39 21513mics 3854mics 0 11 2 13 10 12 9 1 5 14 15 6 4 3 16 7 8 

SA runs for 10 seconds:
avg_evals: 5833659 sd: 90689
40 54 18 227 974mics 264mics 6 12 9 10 13 2 1 0 11 7 8 16 3 4 5 14 15 

G runs for 10 seconds:
avg_steps: 16 sd: 3
avg_evals: 20623847 sd: 96106
39 39 0 39 237mics 48mics 4 3 6 14 5 15 9 12 10 1 13 2 11 0 16 8 7 

Problem ATSP/ftv33.atsp:
TS runs for 10 seconds:
avg_evals: 2076855 sd: 24707
1300 1634 145 2398 243864mics 93660mics 32 7 4 6 5 30 33 2 3 0 13 12 15 14 16 1 25 24 23 26 27 28 29 22 20 21 31 18 19 17 11 8 10 9 

SA runs for 10 seconds:
avg_evals: 4180104 sd: 42764
1514 2669 452 4126 3630mics 1602mics 8 32 7 5 6 4 9 12 14 15 16 13 0 25 1 3 2 33 30 29 27 28 26 22 24 23 20 21 31 19 18 17 11 10 

G runs for 10 seconds:
avg_steps: 57 sd: 9
avg_evals: 11618362 sd: 56650
1298 1784 168 2605 5226mics 1497mics 13 12 14 15 16 1 25 24 23 26 27 28 29 22 20 21 19 31 18 17 11 8 10 9 32 7 4 6 5 30 33 2 3 0 

Problem ATSP/ftv38.atsp:
TS runs for 10 seconds:
avg_evals: 2065142 sd: 24645
1632 2039 156 2533 343315mics 130404mics 28 27 30 25 31 32 34 38 2 4 5 7 6 35 33 29 0 16 14 17 18 19 1 3 15 8 37 9 10 11 12 13 36 20 21 22 24 23 26 

SA runs for 10 seconds:
avg_evals: 3846068 sd: 39142
1847 3246 514 4775 4644mics 2133mics 1 0 17 18 19 29 28 27 23 24 22 36 21 20 12 13 10 9 8 37 16 14 11 15 7 5 6 4 2 3 38 35 30 26 25 31 32 34 33 

G runs for 10 seconds:
avg_steps: 64 sd: 10
avg_evals: 10207068 sd: 45938
1627 2188 197 3122 8487mics 2429mics 30 26 23 24 25 31 32 34 38 35 4 2 0 16 14 17 18 19 29 28 27 22 36 21 20 13 10 12 11 37 9 8 15 5 7 6 3 1 33 

Problem ATSP/ry48p.atsp:
TS runs for 10 seconds:
avg_evals: 2021776 sd: 54319
14429 15030 283 15949 588043mics 188654mics 14 11 10 22 2 21 15 40 33 13 38 31 23 9 44 34 3 25 41 1 28 4 47 24 12 20 46 19 32 45 35 6 17 27 29 36 42 16 26 18 5 43 30 37 7 0 8 39 

SA runs for 10 seconds:
avg_evals: 3440737 sd: 45148
15154 20904 4633 39411 10562mics 4479mics 32 45 17 6 27 26 36 18 5 16 42 29 35 43 30 37 7 8 39 0 15 21 2 11 14 10 22 13 12 24 33 40 28 1 3 25 34 44 23 9 41 4 47 31 38 20 46 19 

G runs for 10 seconds:
avg_steps: 133 sd: 13
avg_evals: 8347339 sd: 61600
14550 15698 517 18565 18618mics 4826mics 21 15 40 33 28 1 3 25 34 44 23 9 41 4 47 31 38 20 46 19 32 45 17 6 27 36 42 16 26 18 5 29 35 43 30 37 7 0 8 39 14 11 10 12 24 13 22 2 

Problem ATSP/ft53.atsp:
TS runs for 10 seconds:
avg_evals: 1939545 sd: 71392
10053 12237 1064 14591 869663mics 331582mics 52 51 50 49 48 29 28 25 16 15 38 36 35 40 19 8 9 7 6 5 11 10 14 20 24 46 45 41 43 42 18 1 17 33 31 26 27 23 22 21 39 37 4 34 32 30 0 2 3 13 12 47 44 

SA runs for 10 seconds:
avg_evals: 3129932 sd: 31334
10410 18437 2675 25325 7687mics 4289mics 50 29 28 2 3 10 34 32 30 33 31 26 25 27 13 17 15 35 44 45 1 0 14 11 12 38 36 37 16 23 47 42 39 40 4 41 46 43 20 21 22 24 19 18 8 9 7 6 5 51 48 49 52 

G runs for 10 seconds:
avg_steps: 88 sd: 14
avg_evals: 7273165 sd: 367059
9083 12090 1084 17080 29691mics 9482mics 23 19 18 15 37 39 40 38 36 35 21 42 43 45 41 47 46 44 20 24 22 16 10 12 11 3 2 1 4 34 32 30 0 6 9 8 7 5 51 49 52 50 48 29 28 31 33 25 27 26 14 13 17 

Problem ATSP/ftv55.atsp:
TS runs for 10 seconds:
avg_evals: 1982690 sd: 136438
2376 2900 243 3489 826455mics 298882mics 7 8 36 9 11 13 35 4 32 37 51 10 14 16 26 25 24 42 21 22 40 41 50 23 54 45 44 53 43 28 29 33 46 55 34 1 3 6 5 47 31 48 2 15 17 52 18 39 38 19 20 27 49 30 0 12 

SA runs for 10 seconds:
avg_evals: 3181468 sd: 3677
2540 4638 775 6700 9115mics 4718mics 0 18 19 20 40 41 21 50 25 24 45 28 53 43 44 22 42 23 54 27 30 46 34 31 48 2 35 7 8 36 37 9 13 4 6 5 47 3 1 33 55 29 49 26 32 39 11 38 10 51 14 12 16 17 15 52 

G runs for 10 seconds:
avg_steps: 93 sd: 12
avg_evals: 7441279 sd: 110679
2102 2929 262 3978 29920mics 8510mics 5 1 3 48 31 46 29 43 23 25 24 18 19 20 42 21 50 22 40 41 54 27 49 28 53 44 45 30 55 34 13 35 4 7 8 10 51 32 36 9 37 11 38 12 39 14 15 16 17 52 26 0 2 33 47 6 

Problem ATSP/ft70.atsp:
TS runs for 10 seconds:
avg_evals: 2053474 sd: 149832
48195 50511 944 53108 1782422mics 665972mics 41 69 66 63 64 68 58 26 33 59 44 46 62 29 55 40 38 39 37 65 67 48 49 47 19 18 24 30 3 0 56 12 9 7 28 21 54 52 25 4 23 31 32 53 51 50 16 15 5 45 61 36 42 35 13 8 11 43 57 27 22 6 2 1 60 34 14 10 20 17 

SA runs for 10 seconds:
avg_evals: 2689307 sd: 3231
50003 61594 3787 72381 11861mics 6843mics 40 38 63 66 64 37 69 65 68 67 48 34 32 24 18 47 49 43 60 31 41 42 46 58 13 59 57 27 5 3 30 56 33 23 55 29 11 10 8 7 17 14 20 2 45 62 44 1 0 15 21 28 26 52 50 53 22 9 12 6 16 19 25 4 54 51 61 36 35 39 

G runs for 10 seconds:
avg_steps: 97 sd: 14
avg_evals: 6044916 sd: 10765
46754 51656 1566 57271 68771mics 20008mics 53 62 61 58 57 55 0 1 18 19 47 49 43 67 65 68 69 66 63 64 48 46 45 20 17 32 30 44 34 14 12 9 11 7 5 21 27 59 60 2 23 25 39 42 41 40 36 37 38 35 52 51 50 16 15 6 3 13 8 4 26 24 33 31 29 22 28 54 10 56 

Problem ATSP/kro124p.atsp:
TS runs for 10 seconds:
avg_evals: 2145777 sd: 331982
43046 49674 3358 58951 4920490mics 1406023mics 45 28 33 19 82 54 11 6 56 8 86 80 24 97 31 14 16 10 58 73 71 20 35 83 37 23 98 17 15 21 87 93 69 64 25 65 3 96 74 18 52 78 89 9 5 48 55 79 30 88 7 91 0 62 46 90 22 44 76 59 85 26 34 61 50 60 57 27 92 66 41 68 49 43 1 63 53 39 72 84 67 38 13 29 95 36 32 81 94 12 75 4 51 77 47 40 99 70 2 42 

SA runs for 10 seconds:
avg_evals: 2084404 sd: 5842
48085 71857 16196 135249 55588mics 26349mics 69 87 17 78 89 48 46 20 73 71 9 83 98 37 23 35 58 10 14 16 44 22 97 76 59 34 61 19 85 26 56 86 11 6 33 2 29 51 77 95 36 38 49 80 31 90 66 60 24 68 72 67 43 53 39 63 1 81 12 75 94 32 4 84 13 70 40 99 47 45 42 28 54 82 8 50 57 27 92 0 62 5 91 7 30 88 41 55 79 96 3 74 18 15 21 93 52 64 65 25 

G runs for 10 seconds:
avg_steps: 297 sd: 23
avg_evals: 4315923 sd: 35306
42673 49146 2761 62724 258412mics 75445mics 31 14 10 62 5 48 78 15 64 25 65 3 74 18 96 79 30 88 55 41 7 91 0 66 27 92 46 97 90 57 60 80 67 84 38 2 42 70 40 99 47 13 29 51 77 95 4 36 32 12 75 94 81 49 72 43 1 39 63 53 68 24 86 50 8 11 19 45 28 33 82 54 6 56 85 26 34 76 61 59 22 44 16 20 58 73 71 9 17 87 93 21 69 52 89 83 35 37 23 98 

