Problem ATSP/br17.atsp:
TS runs for 10 seconds:
avg_evals: 2105832 sd: 30416
39 39 0 39 25577mics 2190mics 0 11 2 13 10 12 9 1 5 14 15 6 4 3 16 7 8 

SA runs for 10 seconds:
avg_evals: 6065441 sd: 28302
40 44 7 198 1522mics 302mics 13 2 1 10 11 0 5 15 6 14 3 4 16 7 8 9 12 

G runs for 10 seconds:
avg_steps: 16 sd: 3
avg_evals: 20396687 sd: 134152
39 39 0 39 240mics 57mics 9 12 1 10 13 2 11 0 14 15 5 6 4 3 16 8 7 

Problem ATSP/ftv33.atsp:
TS runs for 10 seconds:
avg_evals: 2056328 sd: 23278
1324 1608 139 2069 298144mics 111174mics 8 10 9 32 7 4 6 5 30 33 2 3 0 13 12 14 15 16 1 25 26 27 28 29 22 24 23 19 20 21 31 18 17 11 

SA runs for 10 seconds:
avg_evals: 4284895 sd: 32922
1435 2139 318 3695 7715mics 2585mics 7 8 9 4 6 5 30 33 2 3 0 13 12 15 14 16 1 25 24 23 26 29 27 28 22 20 21 31 19 18 17 11 10 32 

G runs for 10 seconds:
avg_steps: 57 sd: 9
avg_evals: 11504289 sd: 71129
1286 1783 169 2592 5273mics 1522mics 10 9 32 7 4 6 5 30 33 2 3 0 13 12 14 15 16 1 25 24 23 27 28 29 26 22 20 21 31 18 19 17 11 8 

Problem ATSP/ftv38.atsp:
TS runs for 10 seconds:
avg_evals: 2049643 sd: 29228
1602 2027 163 2458 419763mics 155336mics 0 16 14 17 18 19 1 29 28 27 23 25 24 36 21 22 20 13 10 12 11 37 9 8 15 5 7 6 4 35 33 26 30 31 32 34 38 2 3 

SA runs for 10 seconds:
avg_evals: 3941996 sd: 29113
1804 2626 374 4208 10182mics 3554mics 17 18 19 0 3 2 4 6 7 5 8 37 9 10 12 13 36 23 24 25 26 31 32 33 30 34 38 35 1 29 28 27 22 21 20 11 15 16 14 

G runs for 10 seconds:
avg_steps: 64 sd: 10
avg_evals: 10109014 sd: 53141
1659 2190 195 3088 8548mics 2406mics 2 3 1 29 19 18 17 14 0 16 11 15 8 5 7 6 4 35 33 28 27 20 37 9 10 12 13 36 21 22 23 24 25 26 30 31 32 34 38 

Problem ATSP/ry48p.atsp:
TS runs for 10 seconds:
avg_evals: 1987079 sd: 55106
14444 14962 260 16017 701200mics 215703mics 2 21 15 40 33 13 24 12 31 23 9 44 34 3 25 41 1 28 4 47 38 20 46 19 32 45 17 35 6 27 29 36 42 16 26 18 5 43 30 37 7 0 8 39 14 11 10 22 

SA runs for 10 seconds:
avg_evals: 3449739 sd: 23169
14898 17165 1549 30299 19917mics 5475mics 13 24 12 20 31 38 47 4 41 23 9 44 34 3 25 1 28 33 40 2 21 15 0 7 37 8 39 14 11 32 45 30 43 6 27 17 35 36 42 16 26 18 5 29 19 46 10 22 

G runs for 10 seconds:
avg_steps: 133 sd: 13
avg_evals: 8220524 sd: 93863
14526 15699 511 18728 18800mics 4954mics 33 13 24 12 31 23 9 44 34 3 25 41 1 28 4 47 38 20 46 19 32 45 35 29 5 42 16 26 18 36 27 6 17 43 30 37 7 0 8 39 14 11 10 22 2 21 15 40 

Problem ATSP/ft53.atsp:
TS runs for 10 seconds:
avg_evals: 1885179 sd: 44471
10033 12086 836 14646 1044110mics 395167mics 0 4 22 43 1 6 17 16 11 13 10 12 36 35 40 37 18 19 28 20 8 9 7 5 51 48 49 52 50 14 24 23 21 39 44 41 47 42 46 45 3 2 15 38 34 32 33 31 26 25 27 29 30 

SA runs for 10 seconds:
avg_evals: 3191755 sd: 9653
10367 14913 2299 23939 19712mics 8344mics 11 8 6 9 7 5 3 49 52 51 50 48 29 26 25 27 28 21 13 12 16 40 45 34 32 33 31 30 14 41 44 43 47 42 46 24 15 1 4 2 17 23 22 20 39 38 36 35 37 18 19 0 10 

G runs for 10 seconds:
avg_steps: 89 sd: 14
avg_evals: 7526018 sd: 16351
8896 12067 1084 16104 28669mics 8392mics 15 37 11 10 12 35 40 38 4 1 0 2 13 14 41 43 42 47 46 44 7 9 8 6 5 48 52 51 50 49 25 27 29 28 26 3 17 39 45 34 32 33 31 30 36 21 20 24 23 22 19 18 16 

Problem ATSP/ftv55.atsp:
TS runs for 10 seconds:
avg_evals: 1995415 sd: 68930
2321 2873 232 3613 1015952mics 409507mics 43 22 41 50 54 23 20 19 18 38 14 26 24 42 21 40 39 11 10 13 35 4 5 6 7 32 8 36 37 9 51 12 15 16 17 52 0 55 31 47 48 1 33 25 49 45 44 30 34 2 3 46 29 27 28 53 

SA runs for 10 seconds:
avg_evals: 3081541 sd: 17945
2521 3635 533 6031 23028mics 8166mics 48 3 34 33 26 52 27 54 43 45 53 44 28 25 24 42 20 40 41 21 22 50 23 49 0 47 29 30 55 31 46 1 2 32 8 10 37 11 19 18 39 38 51 14 17 16 15 12 13 35 7 36 9 4 6 5 

G runs for 10 seconds:
avg_steps: 93 sd: 12
avg_evals: 7140611 sd: 34459
2083 2939 266 3906 31049mics 8824mics 20 18 39 32 8 36 9 37 11 10 51 14 13 35 7 4 6 5 3 48 1 2 33 16 15 12 38 19 41 21 50 49 30 46 52 17 0 55 34 31 47 45 44 53 43 28 29 26 25 54 27 23 24 42 22 40 

Problem ATSP/ft70.atsp:
TS runs for 10 seconds:
avg_evals: 1997767 sd: 190684
47477 50226 1474 53558 2314990mics 895253mics 3 6 22 21 26 35 42 41 40 36 16 47 32 27 56 51 18 25 14 10 9 54 20 17 24 30 5 60 34 0 38 69 67 68 46 45 58 44 29 33 62 61 23 52 50 19 55 53 2 28 39 37 65 63 66 64 48 43 49 7 13 8 12 11 1 59 57 4 31 15 

SA runs for 10 seconds:
avg_evals: 2598538 sd: 20865
49035 55950 3417 69446 34836mics 14743mics 31 30 7 49 35 38 13 8 14 12 10 9 19 47 3 60 62 58 57 4 41 36 0 1 54 53 33 32 27 22 6 16 11 44 46 45 43 34 61 56 17 25 5 23 52 18 26 55 20 24 2 40 29 51 50 15 28 21 42 59 39 37 65 68 67 63 66 69 64 48 

G runs for 10 seconds:
avg_steps: 97 sd: 14
avg_evals: 5774234 sd: 35402
46628 51673 1605 56727 72016mics 21601mics 10 46 45 43 49 47 60 62 58 31 41 40 36 42 35 38 39 37 4 55 53 3 30 34 32 33 51 56 20 57 44 25 13 7 6 17 16 19 61 59 54 52 23 21 24 27 22 14 12 9 11 8 2 50 18 5 1 0 15 28 69 64 68 66 65 67 63 48 26 29 

Problem ATSP/kro124p.atsp:
TS runs for 10 seconds:
avg_evals: 1984742 sd: 291756
46029 49296 2290 55448 5678531mics 1420089mics 56 26 19 54 11 6 24 60 80 68 72 49 38 13 29 84 67 43 53 39 63 1 81 94 12 75 32 36 4 51 95 77 47 40 99 70 2 42 45 28 33 82 85 86 34 76 59 22 97 46 31 16 44 61 50 8 57 66 27 92 0 62 89 5 91 7 30 88 74 18 87 93 78 17 37 23 98 35 83 9 48 55 41 79 96 3 25 65 15 21 69 64 52 71 20 58 73 14 10 90 

SA runs for 10 seconds:
avg_evals: 1977939 sd: 17047
47176 58199 5935 99009 122414mics 33455mics 19 85 26 34 76 57 50 56 11 61 59 31 20 35 83 37 98 17 78 52 15 93 69 64 25 65 3 96 79 30 88 91 74 18 55 48 21 87 23 89 9 71 73 58 16 14 10 46 97 90 22 44 27 92 0 5 62 7 41 66 60 80 24 86 68 53 39 63 1 43 49 67 72 84 29 51 77 95 4 94 12 75 36 32 81 38 47 99 70 13 40 2 42 54 6 45 28 33 82 8 

G runs for 10 seconds:
avg_steps: 296 sd: 22
avg_evals: 4125749 sd: 37659
42900 49351 2687 57673 273686mics 75602mics 21 93 69 87 78 17 23 35 37 98 71 20 58 16 14 10 31 44 22 97 90 59 61 76 80 81 94 75 32 36 51 77 95 4 12 43 1 39 63 53 68 72 49 67 84 29 38 47 40 99 70 13 42 2 45 28 33 82 6 56 19 34 85 26 11 54 8 86 50 60 24 57 27 92 66 79 30 88 55 41 7 91 62 5 48 18 52 89 9 83 73 46 0 74 96 3 25 64 65 15 

