Problem ATSP/br17.atsp:
TS runs for 10 seconds:
avg_evals: 2119572 sd: 12043
39 39 0 39 14044mics 973mics 0 11 2 13 10 12 9 1 5 14 15 6 4 3 16 7 8 

SA runs for 10 seconds:
avg_evals: 6144956 sd: 55779
40 48 10 187 1056mics 175mics 2 13 1 0 11 5 15 14 6 4 3 16 8 7 12 10 9 

G runs for 10 seconds:
avg_steps: 16 sd: 3
avg_evals: 21064248 sd: 19682
39 39 0 39 232mics 43mics 0 11 13 2 12 1 9 10 7 16 8 4 3 5 15 6 14 

Problem ATSP/ftv33.atsp:
TS runs for 10 seconds:
avg_evals: 2104728 sd: 11649
1286 1675 148 2142 158530mics 56131mics 3 0 13 12 14 15 16 1 25 24 23 27 28 29 26 22 20 21 31 18 19 17 11 8 10 9 32 7 4 6 5 30 33 2 

SA runs for 10 seconds:
avg_evals: 4390636 sd: 5819
1549 2459 365 3604 4202mics 1467mics 13 12 14 15 16 25 1 3 33 30 29 26 22 24 23 19 11 31 17 18 20 21 27 28 2 4 5 6 32 7 8 10 9 0 

G runs for 10 seconds:
avg_steps: 57 sd: 9
avg_evals: 11790870 sd: 10293
1286 1783 169 2840 5155mics 1462mics 13 12 14 15 16 1 25 24 23 27 28 29 26 22 20 21 31 18 19 17 11 8 10 9 32 7 4 6 5 30 33 2 3 0 

Problem ATSP/ftv38.atsp:
TS runs for 10 seconds:
avg_evals: 2087244 sd: 14288
1646 2103 171 2652 222914mics 80169mics 35 4 5 7 6 2 3 0 19 18 17 14 16 15 8 37 9 10 12 11 1 29 28 27 33 30 26 20 13 36 21 22 23 24 25 31 32 34 38 

SA runs for 10 seconds:
avg_evals: 4038399 sd: 2261
1897 3008 421 4430 5387mics 1959mics 38 35 4 2 15 5 6 7 8 11 37 9 10 17 29 1 3 16 18 19 0 14 12 21 20 13 36 22 24 23 26 28 27 25 31 32 30 33 34 

G runs for 10 seconds:
avg_steps: 65 sd: 10
avg_evals: 10383898 sd: 5819
1575 2184 194 3087 8334mics 2351mics 13 36 20 21 22 23 24 25 26 28 27 30 31 32 34 33 29 1 38 35 4 2 3 0 16 19 18 17 14 15 5 6 7 8 37 9 10 11 12 

Problem ATSP/ry48p.atsp:
TS runs for 10 seconds:
avg_evals: 2041280 sd: 12005
14482 15087 313 16537 399843mics 106734mics 25 41 1 28 4 47 38 20 46 19 32 45 35 6 17 27 29 42 16 26 18 36 5 43 30 37 7 0 8 39 14 11 10 22 2 21 15 40 33 13 24 12 31 23 9 44 34 3 

SA runs for 10 seconds:
avg_evals: 3571649 sd: 2540
15070 20010 3444 33128 10667mics 4008mics 0 7 15 21 2 40 33 47 4 28 1 3 25 41 9 34 44 23 31 38 20 12 24 13 22 10 39 14 11 46 19 32 45 35 6 5 29 42 16 26 18 36 27 17 43 30 37 8 

G runs for 10 seconds:
avg_steps: 133 sd: 13
avg_evals: 8525954 sd: 5478
14542 15691 508 18499 18272mics 4732mics 32 45 17 6 27 36 5 26 18 16 42 29 35 43 30 37 7 0 8 39 14 11 10 22 2 21 15 40 33 13 24 12 31 23 9 44 34 3 25 41 1 28 4 47 38 20 46 19 

Problem ATSP/ft53.atsp:
TS runs for 10 seconds:
avg_evals: 1934258 sd: 22154
10268 12512 1095 15006 551448mics 192810mics 6 51 49 52 50 48 26 25 29 28 20 39 4 2 0 36 27 3 11 15 18 17 23 24 47 5 9 8 14 34 32 33 31 30 35 38 37 40 21 22 19 16 13 10 12 1 41 43 46 45 44 42 7 

SA runs for 10 seconds:
avg_evals: 3310579 sd: 5729
10631 16980 2361 24288 9551mics 4302mics 10 41 43 46 45 47 44 23 20 24 42 3 35 38 34 32 30 2 16 19 18 15 36 40 4 22 14 39 37 17 11 1 8 9 7 6 5 48 49 52 51 50 28 25 26 27 29 31 33 21 0 13 12 

G runs for 10 seconds:
avg_steps: 89 sd: 14
avg_evals: 7785826 sd: 23366
8691 12078 1090 16349 27862mics 8134mics 37 40 38 36 10 11 13 16 22 19 23 24 44 43 45 41 47 42 46 34 32 33 31 30 21 20 39 4 2 12 14 9 8 7 6 5 51 48 49 52 50 29 28 25 27 26 17 15 35 18 1 3 0 

Problem ATSP/ftv55.atsp:
TS runs for 10 seconds:
avg_evals: 1972097 sd: 34137
2416 2930 209 3528 599885mics 182857mics 41 22 40 20 19 38 11 12 13 35 47 44 29 25 50 23 27 49 28 53 43 45 30 46 34 2 33 55 31 48 3 5 6 4 7 32 8 36 10 15 16 26 54 18 39 37 9 51 14 0 1 17 52 24 42 21 

SA runs for 10 seconds:
avg_evals: 3200617 sd: 3721
2733 4296 646 6295 10996mics 4609mics 9 8 36 38 14 24 19 20 40 42 22 41 21 50 27 23 18 11 12 15 16 17 52 26 49 43 54 29 0 10 13 4 6 5 3 47 31 46 45 44 53 28 30 55 34 48 1 33 2 32 35 7 51 25 39 37 

G runs for 10 seconds:
avg_steps: 93 sd: 12
avg_evals: 7408998 sd: 7212
2187 2935 257 3823 29883mics 8221mics 54 23 42 22 41 21 50 27 43 53 44 28 45 30 29 49 0 33 2 52 26 17 16 15 14 12 39 19 20 40 18 38 11 37 36 9 8 7 32 10 51 13 6 5 47 46 55 34 31 48 1 3 4 35 25 24 

Problem ATSP/ft70.atsp:
TS runs for 10 seconds:
avg_evals: 1912971 sd: 74090
46165 50876 1542 55033 1170668mics 421267mics 0 15 27 58 25 35 36 42 41 40 39 37 54 53 52 21 24 56 55 51 50 18 30 12 9 38 60 61 57 44 47 19 17 32 29 28 62 10 14 13 11 7 2 1 5 4 23 26 6 59 16 22 20 33 31 46 45 3 65 68 69 67 63 66 64 48 43 49 8 34 

SA runs for 10 seconds:
avg_evals: 2703317 sd: 3741
49954 59436 3428 69485 15620mics 7265mics 44 22 29 58 56 50 42 41 60 2 4 8 46 45 62 14 12 16 15 30 6 20 17 55 52 25 23 28 5 1 0 21 18 19 47 49 7 34 59 10 9 32 53 51 54 57 27 24 33 31 61 37 36 39 35 40 67 68 69 65 63 66 64 48 43 26 13 3 38 11 

G runs for 10 seconds:
avg_steps: 97 sd: 14
avg_evals: 5994651 sd: 13156
46911 51730 1577 57672 69365mics 20463mics 12 14 11 8 2 28 55 25 6 0 4 54 57 44 46 48 49 47 43 60 59 62 61 51 50 18 16 20 17 26 52 21 24 27 23 38 7 3 1 15 19 58 56 53 31 30 22 13 10 9 5 45 34 37 69 67 65 68 66 63 64 39 35 36 42 41 40 32 33 29 

Problem ATSP/kro124p.atsp:
TS runs for 10 seconds:
avg_evals: 1880906 sd: 213253
44780 51167 3394 61082 3567210mics 935193mics 51 95 77 29 40 99 13 42 2 28 54 82 85 26 19 34 61 59 97 44 10 14 16 20 73 58 9 83 35 37 23 98 17 78 15 21 93 87 69 64 25 65 3 96 74 18 52 89 55 79 30 88 41 7 48 5 0 66 57 60 72 49 38 47 70 45 33 6 56 11 76 22 90 31 46 71 62 91 27 92 80 24 67 84 8 86 50 68 63 53 39 43 1 81 94 12 75 32 36 4 

SA runs for 10 seconds:
avg_evals: 2077289 sd: 5650
49382 69832 14230 119419 58683mics 26096mics 31 14 90 22 44 97 76 6 60 92 0 5 62 46 73 58 9 48 3 96 55 64 25 65 78 52 15 21 93 69 87 37 98 71 83 20 16 10 35 23 17 89 74 18 91 7 41 79 30 88 68 67 84 82 8 56 86 50 80 66 27 57 24 63 53 39 72 49 43 1 81 94 75 12 32 4 36 77 95 38 28 45 13 70 40 99 51 29 47 42 2 85 26 33 54 11 19 34 61 59 

G runs for 10 seconds:
avg_steps: 297 sd: 23
avg_evals: 4295698 sd: 50612
42013 49103 2793 58170 271954mics 74133mics 73 20 71 9 83 48 55 41 79 30 88 7 91 89 62 46 90 22 44 31 14 16 10 98 35 37 23 17 78 18 52 15 21 93 87 69 64 25 65 3 96 74 5 0 66 27 92 60 50 6 82 33 45 47 40 99 70 13 42 2 28 54 11 19 85 26 34 76 59 61 56 8 86 24 68 63 53 39 72 49 43 1 81 94 12 75 32 36 4 51 95 77 29 38 84 67 80 57 97 58 

