Problem ATSP/br17.atsp:
TS runs for 10 seconds:
avg_evals: 2180383 sd: 4676
39 39 0 39 35811mics 919mics 0 11 2 13 10 12 9 1 5 14 15 6 4 3 16 7 8 

SA runs for 10 seconds:
avg_evals: 6170841 sd: 9833
40 54 18 227 921mics 226mics 7 16 8 11 0 9 12 2 13 10 1 5 14 15 6 3 4 

G runs for 10 seconds:
avg_steps: 16 sd: 3
avg_evals: 21469529 sd: 23980
39 39 0 39 228mics 42mics 11 0 13 2 10 12 9 1 7 16 8 4 3 14 6 15 5 

Problem ATSP/ftv33.atsp:
TS runs for 10 seconds:
avg_evals: 2156787 sd: 30887
1322 1596 138 2004 402891mics 153854mics 11 8 10 9 12 32 7 4 6 5 30 33 2 3 0 13 14 15 16 1 25 24 23 26 27 28 29 22 20 21 31 18 19 17 

SA runs for 10 seconds:
avg_evals: 4377732 sd: 6107
1443 2664 451 4126 3481mics 1523mics 29 25 16 0 13 15 14 12 10 9 32 7 8 4 6 5 30 33 2 3 1 24 23 19 18 17 11 31 21 20 22 26 27 28 

G runs for 10 seconds:
avg_steps: 57 sd: 9
avg_evals: 12042193 sd: 4591
1298 1785 170 2665 5050mics 1428mics 6 5 30 33 2 3 0 13 12 14 15 16 1 25 24 23 26 27 28 29 22 20 21 19 31 18 17 11 8 10 9 32 7 4 

Problem ATSP/ftv38.atsp:
TS runs for 10 seconds:
avg_evals: 2159857 sd: 39156
1640 1984 171 2364 565875mics 202436mics 38 35 4 2 19 17 18 1 3 15 5 6 7 8 37 9 10 12 11 14 16 0 29 28 27 22 20 13 36 21 26 23 24 25 31 32 33 30 34 

SA runs for 10 seconds:
avg_evals: 4038365 sd: 4005
1846 3245 518 4775 4438mics 2030mics 12 8 5 7 6 35 38 2 4 3 15 37 9 11 14 0 16 17 18 19 1 29 28 27 30 34 33 32 31 25 26 23 24 36 20 21 22 13 10 

G runs for 10 seconds:
avg_steps: 65 sd: 10
avg_evals: 10592570 sd: 8182
1665 2190 195 3113 8173mics 2320mics 5 7 6 35 38 2 3 1 29 0 19 18 17 14 16 15 8 37 9 10 11 12 13 36 20 21 22 23 26 28 27 24 25 31 32 33 30 34 4 

Problem ATSP/ry48p.atsp:
TS runs for 10 seconds:
avg_evals: 2131865 sd: 55743
14446 14835 249 15692 927625mics 301880mics 23 9 44 34 3 25 41 1 28 4 47 38 20 46 19 32 45 17 6 27 36 42 16 26 18 5 29 35 43 30 37 7 0 8 39 14 11 10 22 2 21 15 40 33 13 24 12 31 

SA runs for 10 seconds:
avg_evals: 3590178 sd: 2835
15190 20993 4668 39408 10012mics 4244mics 20 10 22 13 24 12 38 31 23 9 44 34 3 25 1 41 47 4 28 33 40 2 21 15 7 0 37 8 39 14 11 32 45 30 43 6 17 35 27 5 42 16 26 18 36 29 19 46 

G runs for 10 seconds:
avg_steps: 133 sd: 13
avg_evals: 8705064 sd: 16003
14505 15701 518 18697 17871mics 4722mics 28 4 47 24 12 20 46 19 32 45 17 27 36 42 16 26 18 5 29 35 6 43 30 37 7 0 8 39 14 11 10 22 2 21 15 40 33 13 38 31 23 9 44 34 3 25 41 1 

Problem ATSP/ft53.atsp:
TS runs for 10 seconds:
avg_evals: 2062536 sd: 81913
9523 12109 922 14110 1378269mics 505567mics 48 49 52 50 33 31 26 25 27 29 28 13 12 14 17 11 3 1 9 0 4 46 43 45 44 23 19 18 16 15 36 35 40 7 21 20 24 22 42 41 47 34 32 30 2 10 38 37 39 8 6 5 51 

SA runs for 10 seconds:
avg_evals: 3289514 sd: 6860
10615 18453 2703 25477 7287mics 4075mics 25 29 26 27 28 52 51 50 48 49 41 43 42 47 46 23 24 22 18 19 12 17 16 11 0 35 40 21 37 38 4 3 2 36 20 39 45 44 34 33 31 30 8 7 6 5 9 1 13 10 14 15 32 

G runs for 10 seconds:
avg_steps: 89 sd: 14
avg_evals: 7927953 sd: 8892
9027 12085 1097 16431 27132mics 7968mics 47 42 46 45 44 41 43 1 8 9 7 6 5 2 16 23 22 20 24 21 39 34 51 49 52 50 48 29 28 25 27 26 3 17 15 11 10 12 14 13 38 36 40 37 35 18 19 32 33 31 30 0 4 

Problem ATSP/ftv55.atsp:
TS runs for 10 seconds:
avg_evals: 2075817 sd: 84033
2296 2836 212 3409 1440587mics 580007mics 14 15 26 52 0 33 55 34 31 47 45 28 53 43 44 2 17 16 12 51 10 11 18 19 20 40 41 22 21 23 24 54 49 29 25 42 50 27 30 46 1 48 3 9 13 35 5 6 4 7 32 8 36 37 39 38 

SA runs for 10 seconds:
avg_evals: 3188379 sd: 3489
2593 4632 786 6850 9143mics 4793mics 15 16 25 42 20 40 41 22 50 29 49 45 28 53 44 43 23 18 19 21 24 54 27 30 2 17 26 33 1 48 3 4 8 7 13 35 5 6 47 31 46 55 34 14 39 51 10 32 36 9 37 11 38 12 52 0 

G runs for 10 seconds:
avg_steps: 93 sd: 12
avg_evals: 7531563 sd: 15920
2123 2928 259 4101 29547mics 8519mics 35 4 5 6 7 14 32 8 36 11 38 19 20 40 18 39 37 9 10 51 12 15 16 17 0 3 48 47 45 55 34 1 33 52 26 25 54 24 42 22 41 21 50 23 27 43 44 28 53 29 49 30 31 46 2 13 

Problem ATSP/ft70.atsp:
TS runs for 10 seconds:
avg_evals: 2119588 sd: 265488
47205 49800 1399 52266 3230064mics 1058040mics 0 38 39 40 36 37 69 68 66 43 6 26 13 25 24 23 50 20 5 3 60 61 41 35 19 55 54 52 46 45 49 47 18 62 58 28 59 57 44 22 7 29 65 67 63 64 48 16 15 56 12 10 9 11 8 14 4 31 30 34 32 27 21 17 42 33 51 53 2 1 

SA runs for 10 seconds:
avg_evals: 2622576 sd: 150867
50199 61566 3817 71678 12194mics 7512mics 56 62 8 49 47 48 0 1 34 61 59 44 16 17 53 54 25 12 60 2 45 9 7 14 10 3 21 33 13 11 5 35 36 42 40 65 63 66 64 68 69 67 38 39 41 37 32 22 30 50 18 19 26 52 46 43 4 51 55 20 31 15 27 29 24 6 28 58 57 23 

G runs for 10 seconds:
avg_steps: 96 sd: 13
avg_evals: 5943558 sd: 19058
46824 51700 1585 56904 69462mics 20116mics 34 23 62 59 12 9 8 11 43 49 47 20 17 22 25 13 10 14 7 19 50 53 27 21 24 28 54 52 55 2 4 18 30 37 69 64 68 67 63 66 65 36 38 39 42 41 40 35 0 1 26 32 29 44 45 61 58 57 3 6 16 15 5 60 31 56 33 51 46 48 

Problem ATSP/kro124p.atsp:
TS runs for 10 seconds:
avg_evals: 1907179 sd: 358102
43291 47830 2707 53664 7992963mics 2415266mics 58 35 37 23 98 17 15 21 93 69 87 78 89 83 9 46 73 5 48 18 52 64 25 65 3 96 79 55 41 30 88 74 7 91 62 0 92 27 66 63 39 43 68 49 67 84 81 75 77 95 38 29 28 86 11 6 8 56 50 24 57 60 80 72 53 1 94 12 32 36 4 51 13 47 40 99 70 2 42 45 33 82 54 26 19 85 34 61 59 76 97 90 22 44 31 14 16 10 71 20 

SA runs for 10 seconds:
avg_evals: 2013454 sd: 4871
49568 71944 17177 134963 58626mics 28212mics 91 48 14 16 90 22 59 26 8 54 11 19 85 82 6 56 61 34 76 97 44 10 71 31 0 5 62 9 83 35 17 37 23 98 20 58 73 89 78 15 21 93 69 87 96 74 18 52 64 25 65 3 27 92 60 86 50 33 28 2 45 42 13 40 99 70 47 38 84 67 43 81 94 32 75 12 36 4 51 29 95 77 49 72 39 1 63 53 68 80 24 57 46 66 88 79 30 55 41 7 

G runs for 10 seconds:
avg_steps: 295 sd: 22
avg_evals: 4165149 sd: 28889
41948 49231 2610 58586 265140mics 74741mics 79 30 88 41 74 18 52 64 65 3 96 25 69 87 15 21 93 98 20 58 73 71 9 78 17 37 23 35 83 89 7 91 0 92 66 27 57 50 67 84 29 51 77 95 4 38 36 32 12 75 94 81 49 72 43 1 39 63 53 80 68 60 86 24 8 56 11 54 82 2 42 45 13 47 40 99 70 28 33 6 85 26 19 34 61 59 76 22 97 90 44 31 14 16 10 46 62 5 48 55 

